6
3
10
"X12" "X22" "LOG(DENS)"        "LOG(S)"              "LOG(DS)"
0.30 0.00 7.0000000000000000 3.2196947054372367  0.8341173004382194 
0.30 0.00 7.6989700043360196 4.2945279031187171  0.1474637725442481 
0.30 0.00 7.8450980400142596 4.5728179907971001 -0.2060915036378532 
0.30 0.00 8.0000000000000000 5.0799044676667204 -1.8123664900493062 
0.30 0.00 8.3979400086720357 5.3567904603517160 -2.3527344226369808 
0.30 0.00 8.6989700043360187 6.1740598077250253 -3.2492833788576925 
0.30 0.00 8.9999999999999982 6.4504030861553661 -3.7071460775275500 
0.30 0.00 9.3010299956639813 6.6940784620807587 -4.1168100159674195 
0.30 0.00 9.6020599913279607 6.9432966145666546 -4.5010557010176004 
0.30 0.00 9.7781512503836421 7.0948203803547996 -4.7251035545006399 
0.30 0.02 7.0000000000000000 3.2196947054372367  0.8341173004382194 
0.30 0.02 7.6989700043360196 4.2945279031187171  0.1474637725442481 
0.30 0.02 7.8450980400142596 4.5728179907971001 -0.2060915036378532 
0.30 0.02 8.0000000000000000 5.0595634179012681 -1.7920426570270629 
0.30 0.02 8.3979400086720357 5.5319895514125506 -2.5018273393634560 
0.30 0.02 8.6989700043360187 6.2108533653148932 -3.2844060883319810 
0.30 0.02 8.9999999999999982 6.4963760540124005 -3.7513402569516638 
0.30 0.02 9.3010299956639813 6.7418603940652631 -4.1663875941520772 
0.30 0.02 9.6020599913279607 6.9875768947269874 -4.5476767830224851 
0.30 0.02 9.7781512503836421 7.1367205671564067 -4.7679446092234103 
0.30 0.06 7.0000000000000000 3.2196947054372367  0.8341173004382194 
0.30 0.06 7.6989700043360196 4.2945279031187171  0.1474637725442481 
0.30 0.06 7.8450980400142596 4.5728179907971001 -0.2060915036378532 
0.30 0.06 8.0000000000000000 5.0899051114393981 -1.8181564120552272 
0.30 0.06 8.3979400086720357 5.5340261060561353 -2.5328212220569681 
0.30 0.06 8.6989700043360187 6.2643455070500922 -3.3487801543366844 
0.30 0.06 8.9999999999999982 6.5772619535858148 -3.8312963197509227 
0.30 0.06 9.3010299956639813 6.8254910298794309 -4.2515793775324315 
0.30 0.06 9.6020599913279607 7.0674428427763800 -4.6385365976332782 
0.30 0.06 9.7781512503836421 7.2121876044039581 -4.8558618623364120 
0.50 0.00 7.0000000000000000 3.6748611407378116  0.6253124509616738 
0.50 0.00 7.6989700043360196 4.7774268223893106 -0.2848326421515421 
0.50 0.00 7.8450980400142560 4.9552065375419421 -1.7589269192470132 
0.50 0.00 8.0000000000000000 5.3461573022320081 -2.0369775826815282 
0.50 0.00 8.3979400086720357 6.0909630765957310 -2.9729359378489542 
0.50 0.00 8.6989700043360187 6.4533183400470371 -3.5130738723800490 
0.50 0.00 8.9999999999999982 6.6983615660551097 -3.9386606331629324 
0.50 0.00 9.3010299956639813 6.9207492612757084 -4.3337535383548094 
0.50 0.00 9.6020599913279607 7.1528995963937465 -4.7056219644127584 
0.50 0.00 9.7781512503836421 7.2962262872611605 -4.9174300357300762 
0.50 0.02 7.0000000000000000 3.6748611407378116  0.6253124509616738 
0.50 0.02 7.6989700043360196 4.7774268223893106 -0.2848326421515421 
0.50 0.02 7.8450980400142560 5.0330214446829107 -1.9126090550028119 
0.50 0.02 8.0000000000000000 5.3692158574101425 -2.0565302168301383 
0.50 0.02 8.3979400086720357 6.1649473726218416 -2.9900394685294023 
0.50 0.02 8.6989700043360187 6.5134839567042571 -3.5715412264844200 
0.50 0.02 8.9999999999999982 6.7521253072978986 -3.9958076437402852 
0.50 0.02 9.3010299956639813 6.9695556842208433 -4.3860525232196501 
0.50 0.02 9.6020599913279607 7.1970047280230460 -4.7469286635427439 
0.50 0.02 9.7781512503836421 7.3364597338485300 -4.9598725582185432 
0.50 0.06 7.0000000000000000 3.6748611407378116  0.6253124509616738 
0.50 0.06 7.6989700043360196 4.7774268223893106 -0.2848326421515421 
0.50 0.06 7.8450980400142560 5.1861083798132048 -1.9386983437939553 
0.50 0.06 8.0000000000000000 5.5440680443502757 -2.3133905398665093 
0.50 0.06 8.3979400086720357 6.2975416678181597 -3.1320966686111311 
0.50 0.06 8.6989700043360187 6.6137361412618709 -3.6746896282889385 
0.50 0.06 8.9999999999999982 6.8432950827365069 -4.0901766303490872 
0.50 0.06 9.3010299956639813 7.0530784434834199 -4.4741262875808472 
0.50 0.06 9.6020599913279607 7.2730012720637376 -4.8378539601746233 
0.50 0.06 9.7781512503836421 7.4079005401426343 -5.0454343027291415 
0.70 0.00 7.0000000000000000 4.1300275760383851  0.4165076014851285 
0.70 0.00 7.6989700043360179 5.1758016328482794 -1.9472675925967815 
0.70 0.00 7.8450980400142560 5.4831592097169795 -2.1571661833878446 
0.70 0.00 8.0000000000000000 5.7939300067726842 -2.5129040657967110 
0.70 0.00 8.3979400086720357 6.4289442900355738 -3.3103981575589638 
0.70 0.00 8.6989700043360187 6.6939906104607765 -3.7418657750072288 
0.70 0.00 8.9999999999999982 6.9107310980433807 -4.1406575181754590 
0.70 0.00 9.3010299956639813 7.1199154102579909 -4.5231973447344824 
0.70 0.00 9.6020599913279607 7.3441957158714350 -4.8925186810887560 
0.70 0.00 9.7781512503836421 7.4830164201441320 -5.1009349734097871 
0.70 0.02 7.0000000000000000 4.1300275760383851  0.4165076014851285 
0.70 0.02 7.6989700043360179 5.2992893340876801 -1.9509371102058750 
0.70 0.02 7.8450980400142560 5.5959369062691735 -2.2591795685463847 
0.70 0.02 8.0000000000000000 5.9024380561986654 -2.6096478741667766 
0.70 0.02 8.3979400086720357 6.4855794769846788 -3.3683127696246244 
0.70 0.02 8.6989700043360187 6.7439798652418421 -3.7958257339264794 
0.70 0.02 8.9999999999999982 6.9568884546500769 -4.1854594209506644 
0.70 0.02 9.3010299956639813 7.1619666163640741 -4.5673834160962103 
0.70 0.02 9.6020599913279607 7.3818367999983430 -4.9341589656802807 
0.70 0.02 9.7781512503836421 7.5181189471431527 -5.1434040156065794 
0.70 0.06 7.0000000000000000 4.1300275760383851  0.4165076014851285 
0.70 0.06 7.6989700043360179 5.3432115901797470 -2.0076011415123789 
0.70 0.06 7.8450980400142560 5.7315081835960253 -2.3804788495441356 
0.70 0.06 8.0000000000000000 5.9818638909913506 -2.7436912508780660 
0.70 0.06 8.3979400086720357 6.5361795321372256 -3.4494536885343559 
0.70 0.06 8.6989700043360187 6.8288531596766395 -3.8784073305615925 
0.70 0.06 8.9999999999999982 7.0358298252528275 -4.2668428748705276 
0.70 0.06 9.3010299956639813 7.2342641243787895 -4.6442037864970267 
0.70 0.06 9.6020599913279607 7.4466924663715268 -5.0059777572684432 
0.70 0.06 9.7781512503836421 7.5787537844264339 -5.2125111874513692 
0.94 0.06 7.0000000000000000 4.6762272983990760  0.1659417821132740 
0.94 0.06 7.6989700043360196 5.3110487407494951 -1.8509335231324375 
0.94 0.06 7.8450980400142596 5.5240892340680317 -2.0285351017390574 
0.94 0.06 8.0000000000000000 6.3463529744506388 -2.9100948885606015 
0.94 0.06 8.3979400086720357 6.7767011839884113 -3.6289321377282633 
0.94 0.06 8.6989700043360187 7.0115704435972788 -4.0351701728113918 
0.94 0.06 8.9999999999999982 7.2148438480476980 -4.4174366904786417 
0.94 0.06 9.3010299956639813 7.4111144185509046 -4.7966135083395214 
0.94 0.06 9.6020599913279607 7.6194064108867767 -5.1619573051901977 
0.94 0.06 9.7781512503836421 7.7489628612561612 -5.3726341434072662 
0.98 0.02 7.0000000000000000 4.7672605854591898  0.1241808122179660 
0.98 0.02 7.6989700043360196 5.3595598242367863 -1.9933063304943373 
0.98 0.02 7.8450980400142596 5.5659342341654954 -2.1307512914335440 
0.98 0.02 8.0000000000000000 6.3010299956639813 -2.9507819773298181 
0.98 0.02 8.3979400086720357 6.7315887651867383 -3.5800442515102420 
0.98 0.02 8.6989700043360187 6.9692294798626424 -3.9895304302036072 
0.98 0.02 8.9999999999999982 7.1775364999298619 -4.3748007685178312 
0.98 0.02 9.3010299956639813 7.3800302479678308 -4.7606754902122024 
0.98 0.02 9.6020599913279607 7.5943925503754262 -5.1307682802690229 
0.98 0.02 9.7781512503836421 7.7267272090265724 -5.3400837999301487 
1.00 0.00 7.0000000000000000 4.8127772289892485  0.1033003272703097 
1.00 0.00 7.6989700043360196 5.3838153659804311 -2.0644927341752872 
1.00 0.00 7.8450980400142596 5.5868567342142290 -2.1818593862807867 
1.00 0.00 8.0000000000000000 6.2718416065364986 -2.9172146296835497 
1.00 0.00 8.3979400086720357 6.7058637122839189 -3.4400933749638871 
1.00 0.00 8.6989700043360187 6.9445813642269263 -3.9632114668922793 
1.00 0.00 8.9999999999999982 7.1556396337597761 -4.3528714209650277 
1.00 0.00 9.3010299956639813 7.3617278360175931 -4.7364349390391425 
1.00 0.00 9.6020599913279607 7.5800121125294240 -5.1117643267294319 
1.00 0.00 9.7781512503836421 7.7143297597452332 -5.3223930472795065 
