H      1      1.000000	      0	    1	00.0000000e-6   1.67
HP     1      0.999451	      0	    0	-13.5984400e-6   1.67
HM     1      1.000549	      0	    2	0.7500000e-6   1.67
D      1      2.000000	      1	    1	00.0000000e-6   1.67
DP     1      1.999451	      1	    0	-13.5984400e-6   1.67
DM     1      2.000549	      1	    2	0.7500000e-6   1.67
He     2      4.000000	      2	    2	00.0000000e-6   1.67
HePP   2      3.998902	      2	    0	-79.0051000e-6   1.67
HeP    2      3.999451	      2	    1	-24.5874000e-6   1.67
H2P    2      1.999451	      0	    1	-10.9471000e-6   1.67
H2     2      2.000000	      0	    2	4.4778800e-6   1.67    
HDP    2      2.999451	      1	    1	-10.9471000e-6   1.67
HD     2      3.000000	      1	    2	4.4778800e-6   1.67
D2     2      4.000000        2     2   4.47778800e-6  1.67
D2P    2      3.999451        2     2   -10.9471000e-6 1.67
Elec   0      0.000549        0     1	00.0000000e-6   1.67
