H      1      1	      0	    1	0   1.67
HP     1      1	      0	    0	0   1.67
HM     1      1	      0	    2	0   1.67
D      1      2	      1	    1	0   1.67
DP     1      2	      1	    0	0   1.67
DM     1      2	      1	    2	0   1.67
He     2      4	      2	    2	0   1.67
HePP   2      4	      2	    0	0   1.67
HeP    2      4	      2	    1	0   1.67
H2P    2      2	      0	    1	0   1.67
H2     2      2	      0	    2	0   1.67    
HDP    2      3	      1	    1	0   1.67
HD     2      3	      1	    2	0   1.67
Elec   0      0.000549 0    1	0   1.67   


 
