n	0	1	1	0	2	0.5
 1.000000 1.000000 1.000000 1.000000 1.000000 1.000000 1.000000 1.000000
 1.000000 1.000000 1.000000 1.000000 1.000000 1.000000 1.000000 1.000000
 1.000000 1.000000 1.000000 1.000000 1.000000 1.000000 1.000000 1.000000
p	1	1	0   	0	2	0.5
 1.000000 1.000000 1.000000 1.000000 1.000000 1.000000 1.000000 1.000000
 1.000000 1.000000 1.000000 1.000000 1.000000 1.000000 1.000000 1.000000
 1.000000 1.000000 1.000000 1.000000 1.000000 1.000000 1.000000 1.000000
he3	2	3	1	7.718	2	0
 1.000000 1.000000 1.000000 1.000000 1.000000 1.000000 1.000000 1.000000
 1.000000 1.000000 1.000000 1.000000 1.000000 1.000000 1.000000 1.000000
 1.000000 1.000000 1.000000 1.000000 1.000000 1.000000 1.000000 1.000000
he4	2	4	2   	28.296	1	0  
 1.000000 1.000000 1.000000 1.000000 1.000000 1.000000 1.000000 1.000000
 1.000000 1.000000 1.000000 1.000000 1.000000 1.000000 1.000000 1.000000
 1.000000 1.000000 1.000000 1.000000 1.000000 1.000000 1.000000 1.000000
c12	6	12	6   	92.162	1	0  
 1.000000 1.000000 1.000000 1.000000 1.000000 1.000000 1.000000 1.000000
 1.000000 1.000000 1.000000 1.000000 1.000000 1.000000 1.000000 1.000000
 1.000000 1.000000 1.000000 1.000000 1.000000 1.000000 1.000000 1.000000
o16	8	16	8   	127.619	1	0  
 1.000000 1.000000 1.000000 1.000000 1.000000 1.000000 1.000000 1.000000
 1.000000 1.000000 1.000000 1.000000 1.000000 1.000000 1.000000 1.000000
 1.000000 1.000000 1.000000 1.000000 1.000000 1.000000 1.000000 1.000000
ne20	10	20	10  	160.645	1	0  
 1.000000 1.000000 1.000000 1.000000 1.000000 1.000000 1.000000 1.000000
 1.000000 1.000000 1.000000 1.000016 1.000382 1.002544 1.009003 1.022212
 1.043747 1.074176 1.113314 1.215134 1.343451 1.493867 1.664363 1.854977
ne21	10	21	11  	167.406	4	0  
 1.000000 1.000000 1.000000 1.000002 1.000057 1.000438 1.001699 1.004478
 1.009262 1.016300 1.025619 1.099484 1.196113 1.295109 1.388687 1.475327
 1.555889 1.631924 1.705019 1.847876 1.993474 2.148340 2.317469 2.505040
ne22	10	22	12  	177.77	1	0  
 1.000000 1.000000 1.000000 1.000000 1.000000 1.000000 1.000000 1.000000
 1.000000 1.000000 1.000002 1.000261 1.003071 1.013478 1.036146 1.073197
 1.124457 1.188513 1.263591 1.440653 1.647353 1.881834 2.147198 2.449741
na23	11	23	12  	186.564	4	0  
 1.000000 1.000000 1.000000 1.000000 1.000004 1.000055 1.000302 1.001019
 1.002536 1.005153 1.009089 1.049854 1.116773 1.194710 1.274260 1.351426
 1.425286 1.496370 1.565753 1.704008 1.847928 2.003048 2.173374 2.362433
mg23	12	23	11  	181.726	4	0  
 1.000000 1.000000 1.000000 1.000000 1.000003 1.000043 1.000246 1.000853
 1.002171 1.004489 1.008027 1.045893 1.109746 1.185296 1.263209 1.339314
 1.412442 1.482860 1.551390 1.686506 1.824234 1.969177 2.124818 2.294477
mg24	12	24	12  	198.257	1	0  
 1.000000 1.000000 1.000000 1.000000 1.000000 1.000000 1.000000 1.000000
 1.000000 1.000000 1.000001 1.000126 1.001778 1.008703 1.025095 1.053477
 1.094361 1.146883 1.209546 1.359068 1.532917 1.725840 1.936524 2.166286
mg25	12	25	13  	205.588	6	0  
 1.000000 1.000000 1.000000 1.000000 1.000000 1.000000 1.000004 1.000021
 1.000069 1.000179 1.000384 1.003967 1.013645 1.030151 1.053223 1.082408
 1.117287 1.157513 1.202819 1.307995 1.432211 1.575985 1.740901 1.929646
mg26	12	26	14  	216.681	1	0  
 1.000000 1.000000 1.000000 1.000000 1.000000 1.000000 1.000000 1.000000
 1.000000 1.000000 1.000000 1.000004 1.000139 1.001135 1.004636 1.012758
 1.027489 1.050416 1.082752 1.179508 1.325161 1.527801 1.796589 2.141629
al25	13	25	12      200.529	6	0  
 1.000000 1.000000 1.000000 1.000000 1.000001 1.000009 1.000054 1.000187
 1.000478 1.000991 1.001779 1.010585 1.027134 1.049922 1.077745 1.109883
 1.145943 1.185729 1.229169 1.327116 1.440522 1.570797 1.719980 1.890859
al26	13	26	13      211.894	11	0  
 1.000000 1.000000 1.000000 1.000013 1.000124 1.000494 1.001299 1.002699
 1.004818 1.007733 1.011469 1.040908 1.081433 1.125701 1.170378 1.214679
 1.259027 1.304304 1.351489 1.455165 1.576186 1.719379 1.889068 2.089860
al27	13	27	14      224.952	6	0  
 1.000000 1.000000 1.000000 1.000000 1.000000 1.000000 1.000000 1.000000
 1.000002 1.000008 1.000024 1.000747 1.004346 1.012693 1.026217 1.044490
 1.066907 1.093000 1.122501 1.191462 1.274386 1.373223 1.491072 1.632258
si26	14	26	12      206.046	1	0  
 1.000000 1.000000 1.000000 1.000000 1.000000 1.000000 1.000000 1.000000
 1.000000 1.000000 1.000000 1.000005 1.000150 1.001211 1.004920 1.013515
 1.029102 1.053324 1.087313 1.187152 1.331552 1.522035 1.760707 2.051352
si27	14	27	13      219.357	6	0  
 1.000000 1.000000 1.000000 1.000000 1.000000 1.000000 1.000000 1.000001
 1.000005 1.000017 1.000049 1.001197 1.006172 1.016780 1.033056 1.054244
 1.079574 1.108527 1.140842 1.215408 1.304037 1.408664 1.532184 1.678580
si28	14	28	14	236.537 1	0  
 1.000000 1.000000 1.000000 1.000000 1.000000 1.000000 1.000000 1.000000
 1.000000 1.000000 1.000000 1.000005 1.000164 1.001296 1.005132 1.013718
 1.028685 1.050938 1.080705 1.161517 1.266929 1.392745 1.536751 1.699342
si29	14	29	15      245.01	2	0  
 1.000000 1.000000 1.000000 1.000000 1.000000 1.000000 1.000000 1.000000
 1.000000 1.000000 1.000001 1.000106 1.001261 1.005691 1.015879 1.033722
 1.060385 1.096468 1.142210 1.262808 1.422412 1.622785 1.868769 2.169380
si30	14	30	16      255.62	1	0  
 1.000000 1.000000 1.000000 1.000000 1.000000 1.000000 1.000000 1.000000
 1.000000 1.000000 1.000000 1.000000 1.000012 1.000156 1.000887 1.003083
 1.007911 1.016605 1.030329 1.076978 1.155504 1.273968 1.442733 1.676251
p31	15	31	16      262.917	2	0  
 1.000000 1.000000 1.000000 1.000000 1.000000 1.000000 1.000000 1.000000
 1.000000 1.000000 1.000001 1.000111 1.001296 1.005699 1.015477 1.032022
 1.056025 1.087805 1.127594 1.232707 1.376823 1.570654 1.831863 2.186898
s31	16	31	15      256.738	2	0  
 1.000000 1.000000 1.000000 1.000000 1.000000 1.000000 1.000000 1.000000
 1.000000 1.000000 1.000001 1.000127 1.001432 1.006166 1.016505 1.033777
 1.058568 1.091073 1.131383 1.236329 1.377851 1.566287 1.819867 2.166558
s32	16	32	16      271.78	1	0  
 1.000000 1.000000 1.000000 1.000000 1.000000 1.000000 1.000000 1.000000
 1.000000 1.000000 1.000000 1.000000 1.000012 1.000160 1.000897 1.003083	
 1.007809 1.016163 1.029098 1.071801 1.141522 1.244530 1.389797 1.590952
s33	16	33	17      280.422	4	0  
 1.000000 1.000000 1.000000 1.000000 1.000000 1.000000 1.000000 1.000000	
 1.000003 1.000010 1.000029 1.000747 1.003817 1.010273 1.020270 1.033805
 1.051103 1.072670 1.099235 1.171140 1.276112 1.427050 1.642166 1.947108
s34	16	34	18      291.839	1	0  
 1.000000 1.000000 1.000000 1.000000 1.000000 1.000000 1.000000 1.000000
 1.000000 1.000000 1.000000 1.000000 1.000022 1.000258 1.001348 1.004422
 1.010872 1.022111 1.039462 1.097527 1.195918 1.349354 1.580251 1.923058
s35	16	35	19      298.825	4	0  
 1.000000 1.000000 1.000000 1.000000 1.000000 1.000000 1.000000 1.000000
 1.000000 1.000000 1.000000 1.000003 1.000075 1.000557 1.002220 1.006167
 1.013637 1.025901 1.044267 1.105198 1.210800 1.381316 1.645167 2.041579
s36	16	36	20      308.714	1	0  
 1.000000 1.000000 1.000000 1.000000 1.000000 1.000000 1.000000 1.000000
 1.000000 1.000000 1.000000 1.000000 1.000000 1.000001 1.000018 1.000116
 1.000477 1.001464 1.003660 1.015297 1.045555 1.110336 1.233643 1.451353
cl35	17	35	18      298.21	4	0  
 1.000000 1.000000 1.000000 1.000000 1.000000 1.000000 1.000000 1.000000
 1.000000 1.000000 1.000000 1.000042 1.000477 1.002174 1.006234 1.013694
 1.025434 1.042215 1.064765 1.130443 1.230888 1.379247 1.595768 1.910357
cl36	17	36	19      306.789	5	0  
 1.000000 1.000000 1.000000 1.000000 1.000000 1.000000 1.000000 1.000003
 1.000015 1.000054 1.000150 1.003218 1.015211 1.039365 1.075634 1.123039
 1.181030 1.249873 1.330649 1.535810 1.818339 2.210138 2.754948 3.511848
cl37	17	37	20      317.1	4	0  
 1.000000 1.000000 1.000000 1.000000 1.000000 1.000000 1.000000 1.000000
 1.000000 1.000000 1.000000 1.000001 1.000022 1.000167 1.000654 1.001784
 1.003936 1.007612 1.013502 1.036036 1.083255 1.173703 1.334770 1.605509
ar35	18	35	17      291.461	4	0  
 1.000000 1.000000 1.000000 1.000000 1.000000 1.000000 1.000000 1.000000
 1.000000 1.000000 1.000001 1.000054 1.000581 1.002569 1.007342 1.016293
 1.030767 1.052038 1.081337 1.169135 1.305696 1.506146 1.791409 2.190763
ar36	18	36	18      306.717	1	0  
 1.000000 1.000000 1.000000 1.000000 1.000000 1.000000 1.000000 1.000000
 1.000000 1.000000 1.000000 1.000001 1.000054 1.000533 1.002449 1.007289
 1.016565 1.031512 1.053057 1.118848 1.220214 1.366498 1.572476 1.860793
ar37	18	37	19      315.504	4	0  
 1.000000 1.000000 1.000000 1.000000 1.000000 1.000000 1.000000 1.000000
 1.000000 1.000000 1.000000 1.000017 1.000320 1.001931 1.006572 1.016122
 1.032281 1.056546 1.090348 1.192973 1.356235 1.603753 1.969782 2.502894
ar38	18	38	20      327.342	1	0  
 1.000000 1.000000 1.000000 1.000000 1.000000 1.000000 1.000000 1.000000
 1.000000 1.000000 1.000000 1.000000 1.000017 1.000214 1.001149 1.003839
 1.009573 1.019713 1.035637 1.090855 1.190094 1.355783 1.622388 2.042034
ar39	18	39	21      333.941	8	0  
 1.000000 1.000000 1.000000 1.000000 1.000000 1.000000 1.000000 1.000000
 1.000000 1.000000 1.000000 1.000032 1.000402 1.001931 1.005740 1.013049
 1.025129 1.043307 1.068975 1.148791 1.278117 1.474398 1.761594 2.173536
ar40	18	40	22      343.81	1	0  
 1.000000 1.000000 1.000000 1.000000 1.000000 1.000000 1.000000 1.000000
 1.000000 1.000000 1.000000 1.000062 1.001048 1.005785 1.018327 1.042555
 1.081828 1.139302 1.218286 1.455575 1.826848 2.372732 3.147779 4.232622
k39	19	39	20      333.724	4	0  
 1.000000 1.000000 1.000000 1.000000 1.000000 1.000000 1.000000 1.000000
 1.000000 1.000000 1.000000 1.000000 1.000000 1.000009 1.000079 1.000375
 1.001243 1.003246 1.007181 1.025290 1.067326 1.150686 1.300612 1.553459
k40	19	40	21      341.523	9	0  
 1.024487 1.077549 1.138006 1.245593 1.327625 1.389468 1.437055 1.474567
 1.504804 1.529665 1.550472 1.620005 1.666588 1.710673 1.758823 1.813123
 1.874753 1.945151 2.026249 2.230612 2.512218 2.902944 3.444847 4.194714
k41	19	41	22      351.619	4	0  
 1.000000 1.000000 1.000000 1.000000 1.000000 1.000000 1.000000 1.000000
 1.000000 1.000002 1.000006 1.000364 1.003274 1.013540 1.037145 1.079721
 1.145946 1.239574 1.363683 1.714202 2.220703 2.915342 3.848364 5.098080
k42	19	42	23      359.152	5	0  
 1.000006 1.000361 1.002850 1.022567 1.064163 1.121862 1.189613 1.263263
 1.340134 1.418532 1.497430 1.889308 2.288457 2.721270 3.204342 3.743438
 4.337884 4.984473 5.680010 7.212938 8.949489 10.943473 13.295356 16.162185
k43	19	43	24      368.795	4	0  
 1.000000 1.000000 1.000000 1.000000 1.000000 1.000001 1.000011 1.000055
 1.000191 1.000511 1.001139 1.014004 1.053914 1.128107 1.237700 1.381795
 1.559336 1.769763 2.013295 2.605616 3.360816 4.328219 5.590442 7.276113
ca39	20	39	19      326.409	4	0  
 1.000000 1.000000 1.000000 1.000000 1.000000 1.000000 1.000000 1.000000
 1.000000 1.000000 1.000000 1.000000 1.000001 1.000011 1.000089 1.000417
 1.001374 1.003592 1.007988 1.028536 1.076943 1.173533 1.346897 1.636987
ca40	20	40	20      342.052	1	0  
 1.000000 1.000000 1.000000 1.000000 1.000000 1.000000 1.000000 1.000000
 1.000000 1.000000 1.000000 1.000000 1.000000 1.000000 1.000008 1.000060
 1.000286 1.000980 1.002659 1.012335 1.038607 1.094915 1.199775 1.379520
ca41	20	41	21      350.415	8	0  
 1.000000 1.000000 1.000000 1.000000 1.000000 1.000000 1.000000 1.000000
 1.000000 1.000000 1.000000 1.000000 1.000012 1.000125 1.000639 1.002148
 1.005542 1.011966 1.022771 1.063812 1.143064 1.278741 1.495144 1.826211
ca42	20	42	22      361.895	1	0  
 1.000000 1.000000 1.000000 1.000000 1.000000 1.000000 1.000000 1.000000
 1.000000 1.000000 1.000000 1.000038 1.000748 1.004516 1.015305 1.037520
 1.075509 1.133646 1.216524 1.476325 1.897319 2.527420 3.426083 4.677097
ca43	20	43	23      369.828	8	0  
 1.000000 1.000000 1.000000 1.000000 1.000015 1.000132 1.000559 1.001579
 1.003452 1.006368 1.010428 1.047250 1.104172 1.172118 1.247116 1.328945
 1.419156 1.519843 1.633096 1.905146 2.251698 2.694489 3.267057 4.022035
ca44	20	44	24      380.959	1	0  
 1.000000 1.000000 1.000000 1.000000 1.000000 1.000000 1.000000 1.000000
 1.000000 1.000002 1.000007 1.000648 1.006107 1.023672 1.059254 1.116209
 1.196608 1.302438 1.436131 1.799545 2.317086 3.030521 4.003462 5.340027
ca45	20	45	25      388.374	8	0  
 1.000000 1.000001 1.000030 1.000885 1.004774 1.013126 1.025760 1.041697
 1.059838 1.079247 1.099218 1.194741 1.273151 1.336155 1.389723 1.439433
 1.489710 1.543980 1.605023 1.757333 1.967749 2.264200 2.687971 3.301538
ca46	20	46	26      398.769	1	0  
 1.000000 1.000000 1.000000 1.000000 1.000000 1.000000 1.000000 1.000000
 1.000000 1.000000 1.000001 1.000150 1.002032 1.009759 1.028096 1.060766
 1.110494 1.179659 1.270799 1.531516 1.924613 2.498187 3.328108 4.537729
ca47	20	47	27      406.045	8	0  
 1.000000 1.000000 1.000000 1.000000 1.000000 1.000000 1.000000 1.000000
 1.000000 1.000000 1.000000 1.000000 1.000004 1.000050 1.000256 1.000862
 1.002232 1.004867 1.009442 1.028350 1.070388 1.154859 1.312771 1.592317
ca48	20	48	28      415.99	1	0  
 1.000000 1.000000 1.000000 1.000000 1.000000 1.000000 1.000000 1.000000
 1.000000 1.000000 1.000000 1.000000 1.000000 1.000000 1.000002 1.000022
 1.000118 1.000448 1.001334 1.007257 1.026431 1.076283 1.190821 1.434037
sc43	21	43	22      366.825	8	0  
 1.000000 1.000004 1.000074 1.001403 1.006096 1.014726 1.026540 1.040500
 1.055746 1.071687 1.087954 1.169772 1.253276 1.344263 1.447397 1.565541
 1.700425 1.853217 2.024946 2.430437 2.932677 3.559933 4.358681 5.400891
sc44	21	44	23      376.525	5	0  
 1.000227 1.003141 1.011713 1.044283 1.088734 1.140541 1.200111 1.268796
 1.347306 1.435537 1.532825 2.120480 2.801166 3.515571 4.238795 4.961533
 5.682100 6.403184 7.130371 8.636075 10.284226 12.193139 14.525676 17.509298
sc45	21	45	24      387.848	8	0  
 1.118580 1.191572 1.243495 1.309493 1.348933 1.375037 1.393743 1.408160
 1.420117 1.430771 1.440886 1.496522 1.573129 1.675092 1.802950 1.956133
 2.133481 2.333758 2.556138 3.067869 3.680598 4.426356 5.362719 6.581568
sc46	21	46	25      396.608	9	0  
 1.003459 1.025858 1.070768 1.194735 1.326391 1.450695 1.566531 1.675823
 1.780450 1.881715 1.980432 2.448932 2.892659 3.326303 3.758495 4.193979
 4.635855 5.087070 5.551168 6.537251 7.645237 8.950804 10.563011 12.638564
sc47	21	47	26      407.255	8	0  
 1.000000 1.000000 1.000000 1.000000 1.000000 1.000000 1.000000 1.000002
 1.000013 1.000045 1.000125 1.002783 1.013674 1.036740 1.073065 1.122502
 1.184848 1.260348 1.349879 1.578050 1.891235 2.326173 2.939987 3.819445
ti43	22	43	21      359.176	8	0  
 1.000000 1.000000 1.000000 1.000000 1.000001 1.000006 1.000029 1.000095
 1.000234 1.000478 1.000858 1.005511 1.015563 1.031175 1.052238 1.078793
 1.111129 1.149809 1.195687 1.314087 1.480363 1.716529 2.056069 2.549323
ti44	22	44	22      375.475	1	0  
 1.000000 1.000000 1.000000 1.000000 1.000000 1.000000 1.000000 1.000000
 1.000001 1.000004 1.000017 1.001149 1.009353 1.033083 1.077523 1.144356
 1.234002 1.347212 1.485621 1.848303 2.346120 3.005278 3.855614 4.940249
ti45	22	45	23      385.003	8	0  
 1.014553 1.063997 1.134372 1.282371 1.409492 1.512020 1.594718 1.662575
 1.719467 1.768200 1.810768 1.969641 2.085420 2.185861 2.283537 2.385614
 2.496634 2.619845 2.758028 3.091134 3.525610 4.106603 4.903772 6.023496
ti46	22	46	24      398.192	1	0  
 1.000000 1.000000 1.000000 1.000000 1.000000 1.000000 1.000000 1.000002
 1.000012 1.000052 1.000165 1.005141 1.028782 1.081386 1.164320 1.274804
 1.409904 1.568050 1.749259 2.187683 2.750560 3.484823 4.471583 5.851084
ti47	22	47	25      407.073	6	0  
 1.000000 1.000006 1.000128 1.002799 1.013077 1.032975 1.061092 1.094899
 1.132045 1.170727 1.209685 1.388629 1.530794 1.645918 1.747901 1.847568
 1.952379 2.067491 2.196854 2.512872 2.934457 3.512427 4.326946 5.503780
ti48	22	48	26  	418.699	1	0  
 1.000000 1.000000 1.000000 1.000000 1.000000 1.000000 1.000000 1.000000
 1.000003 1.000016 1.000055 1.002480 1.016636 1.052322 1.113237 1.199128
 1.309458 1.445351 1.610065 2.048045 2.681248 3.589334 4.886592 6.752253
ti49	22	49	27      426.842	8	0  
 1.000000 1.000000 1.000000 1.000000 1.000000 1.000000 1.000000 1.000000
 1.000000 1.000000 1.000000 1.000032 1.000623 1.003775 1.012800 1.031144
 1.061661 1.106533 1.167533 1.344841 1.611006 1.994459 2.542414 3.330942
ti50	22	50	28      437.781	1	0  
 1.000000 1.000000 1.000000 1.000000 1.000000 1.000000 1.000000 1.000000
 1.000000 1.000000 1.000000 1.000030 1.000609 1.003727 1.012612 1.030581
 1.060450 1.104593 1.165245 1.346301 1.631327 2.068330 2.742112 3.799846
ti51	22	51	29	444.153	4	0
 1.000000 1.000000 1.000000 1.000000 1.000000 1.000000 1.000000 1.000000
 1.000000 1.000000 1.000001 1.000098 1.001234 1.005987 1.017856 1.040219
 1.075968 1.127599 1.197475 1.402756 1.721212 2.203729 2.937638 4.067363
ti52	22	52	30	451.962	1	0
 1.000000 1.000000 1.000000 1.000000 1.000000 1.000000 1.000000 1.000000
 1.000001 1.000007 1.000026 1.001486 1.011344 1.038672 1.088749 1.163644
 1.264786 1.394540 1.556825 2.004011 2.680170 3.712856 5.320250 7.874219
ti53	22	53	31	457.397	4	0
 1.000000 1.000000 1.000000 1.000000 1.000000 1.000002 1.000016 1.000065
 1.000189 1.000438 1.000870 1.007560 1.024928 1.055023 1.098801 1.157321
 1.232281 1.326299 1.443137 1.767650 2.270459 3.060686 4.319030 6.342556
ti54	22	54	32	464.234	1	0
 1.000000 1.000000 1.000000 1.000000 1.000000 1.000000 1.000000 1.000000
 1.000000 1.000000 1.000000 1.000032 1.000605 1.003787 1.013611 1.035550
 1.076006 1.142268 1.242902 1.592524 2.253373 3.452593 5.596129 9.403613
ti55	22	55	33	468.381	2	0
 1.000000 1.000000 1.000000 1.000000 1.000000 1.000001 1.000007 1.000036
 1.000125 1.000338 1.000757 1.009467 1.037524 1.092792 1.180330 1.304872
 1.472485 1.691680 1.974369 2.801348 4.163296 6.428052 10.229628 16.652188
ti56	22	56	34	473.719	1	0
 1.000000 1.000000 1.000000 1.000000 1.000000 1.000000 1.000000 1.000000
 1.000000 1.000000 1.000000 1.000005 1.000140 1.001175 1.005119 1.015312
 1.036193 1.073137 1.132572 1.352656 1.792844 2.631199 4.210249 7.188305
ti57	22	57	35	476.397	4	0
 1.000000 1.000000 1.000000 1.000000 1.000011 1.000079 1.000309 1.000845
 1.001830 1.003392 1.005631 1.028897 1.073876 1.141053 1.231632 1.348603
 1.497148 1.685066 1.923384 2.616995 3.772625 5.735541 9.112106 14.961742
ti58	22	58	36	481.69	1	0
 1.000000 1.000000 1.000000 1.000000 1.000000 1.000000 1.000000 1.000000
 1.000000 1.000000 1.000000 1.000002 1.000072 1.000709 1.003446 1.011176
 1.028143 1.059934 1.113691 1.327392 1.791328 2.745704 4.673967 8.539762
v47	23	47	24      403.36	4	0  
 1.000058 1.001748 1.009780 1.057976 1.148108 1.267076 1.401941 1.543551
 1.686094 1.826092 1.961592 2.553530 3.021464 3.411206 3.759020 4.088802
 4.416478 4.753786 5.110720 5.923274 6.945960 8.306615 10.195294 12.900380
v48	23	48	25      413.905	9	0  
 1.000000 1.000000 1.000000 1.000004 1.000079 1.000516 1.001868 1.004827
 1.010066 1.018149 1.029499 1.141150 1.339114 1.603467 1.914977 2.259887
 2.629450 3.018821 3.426189 4.299515 5.278698 6.424686 7.835827 9.661949
v49	23	49	26      425.457	8	0  
 1.000020 1.000681 1.003978 1.023891 1.060060 1.105963 1.156003 1.206649
 1.255927 1.302842 1.346973 1.527655 1.662721 1.779487 1.895673 2.021550
 2.163137 2.324334 2.508198 2.956379 3.539710 4.310187 5.352856 6.803531
v50	23	50	27      434.793	13	0  
 1.000000 1.000000 1.000002 1.000138 1.001282 1.005037 1.012832 1.025428
 1.042939 1.065043 1.091187 1.261632 1.461313 1.667938 1.876038 2.085558
 2.298296 2.516906 2.744653 3.243705 3.835539 4.576971 5.550307 6.876800
v51	23	51	28      445.845	8	0  
 1.000000 1.000000 1.000000 1.000003 1.000069 1.000445 1.001535 1.003718
 1.007219 1.012095 1.018281 1.063413 1.119512 1.177592 1.235498 1.293801
 1.354030 1.418093 1.488178 1.656938 1.886721 2.216536 2.705924 3.447243
v52	23	52	29	453.156	7	0
 1.208525 1.458088 1.682187 2.023740 2.269355 2.462551 2.624788 2.766276
 2.892356 3.006219 3.110031 3.525092 3.840586 4.113162 4.371270 4.630581
 4.901264 5.191429 5.508810 6.259530 7.236840 8.560104 10.406233 13.041401
v53	23	53	30	461.635	8	0
 1.000000 1.000039 1.000457 1.005460 1.019168 1.041295 1.069597 1.101773
 1.136010 1.171011 1.205902 1.365267 1.494036 1.601524 1.699219 1.795974
 1.898361 2.011711 2.140968 2.468765 2.935158 3.620717 4.652146 6.230733
v54	23	54	31	467.748	7	0
 1.000000 1.000000 1.000001 1.000085 1.000929 1.003937 1.010395 1.020951
 1.035668 1.054260 1.076288 1.223146 1.406988 1.615045 1.847034 2.107640
 2.404119 2.745739 3.143912 4.169103 5.635623 7.783935 10.989121 15.840468
v55	23	55	32	475.08	8	0
 1.000030 1.000298 1.001025 1.004010 1.008700 1.014638 1.021500 1.029077
 1.037234 1.045885 1.054973 1.105993 1.165678 1.234654 1.314542 1.407765
 1.517613 1.648425 1.805836 2.231613 2.881685 3.899071 5.519716 8.133304
v56	23	56	33	480.08	5	0
 1.000105 1.001036 1.003571 1.013997 1.030412 1.051245 1.075380 1.102103
 1.130957 1.161648 1.193985 1.377398 1.595923 1.853526 2.157863 2.519458
 2.951909 3.472520 4.103233 5.813746 8.409008 12.416533 18.694703 28.644654
v57	23	57	34	486.26	4	0
 1.000067 1.000660 1.002273 1.008905 1.019339 1.032570 1.047884 1.064824
 1.083095 1.102509 1.122942 1.238416 1.375125 1.535315 1.723838 1.947841
 2.217094 2.544616 2.947547 4.076320 5.878846 8.824839 13.715551 21.917782
v58	23	58	35	490.351	5	0
 1.000078 1.000767 1.002645 1.010386 1.022607 1.038162 1.056240 1.076321
 1.098078 1.121304 1.145868 1.286965 1.458995 1.667152 1.920086 2.229489
 2.610581 3.083040 3.672309 5.342890 8.022294 12.386741 19.582458 31.554646
cr47	24	47	23      395.134	4	0  
 1.000005 1.000229 1.001563 1.010692 1.027961 1.049794 1.073224 1.096626
 1.119302 1.141068 1.161978 1.259061 1.354553 1.456858 1.571210 1.702175
 1.854477 2.033442 2.245368 2.800320 3.603765 4.784571 6.540427 9.174994
cr48	24	48	24      411.466	1	0  
 1.000000 1.000000 1.000000 1.000000 1.000000 1.000000 1.000002 1.000019
 1.000091 1.000307 1.000809 1.014850 1.063783 1.153860 1.279281 1.432145
 1.606260 1.797679 2.004396 2.463350 2.995063 3.632788 4.440947 5.538404
cr49	24	49	25      422.049	6	0  
 1.000000 1.000000 1.000000 1.000036 1.000500 1.002422 1.006934 1.014698
 1.025821 1.040024 1.056834 1.163086 1.278674 1.390258 1.497984 1.605081
 1.714772 1.829750 1.952391 2.230985 2.578271 3.041340 3.698813 4.677039
cr50	24	50	26      435.049	1	0  
 1.000000 1.000000 1.000000 1.000000 1.000000 1.000000 1.000001 1.000011
 1.000058 1.000205 1.000564 1.011675 1.053260 1.133246 1.247996 1.391309
 1.558816 1.749145 1.963900 2.485878 3.185082 4.159036 5.560179 7.636666
cr51	24	51	27      444.31	8	0  
 1.000000 1.000000 1.000000 1.000000 1.000000 1.000000 1.000000 1.000003
 1.000013 1.000043 1.000116 1.002330 1.011397 1.031818 1.066668 1.117839
 1.186567 1.273906 1.381072 1.662016 2.051131 2.587178 3.335264 4.400866
cr52	24	52	28      456.349	1	0  
 1.000000 1.000000 1.000000 1.000000 1.000000 1.000000 1.000000 1.000000
 1.000000 1.000000 1.000000 1.000076 1.001228 1.006620 1.020864 1.048810
 1.095366 1.165788 1.265900 1.581786 2.104364 2.915722 4.140094 5.982364
cr53	24	53	29      464.288	4	0  
 1.000000 1.000000 1.000000 1.000000 1.000000 1.000001 1.000009 1.000044
 1.000141 1.000351 1.000732 1.007098 1.024751 1.057568 1.108273 1.178855
 1.271122 1.387153 1.529600 1.908522 2.449517 3.222013 4.340767 5.993641
cr54	24	54	30      474.007	1	0  
 1.000000 1.000000 1.000000 1.000000 1.000000 1.000000 1.000000 1.000005
 1.000027 1.000106 1.000310 1.007836 1.039587 1.105644 1.205998 1.337070
 1.495789 1.681023 1.893911 2.418718 3.127533 4.129846 5.621063 7.946764
cr55	24	55	31	480.254	4	0
 1.000000 1.000000 1.000000 1.000043 1.000448 1.001833 1.004730 1.009429
 1.016061 1.024688 1.035346 1.118992 1.247740 1.410278 1.597008 1.802452
 2.024975 2.266117 2.530153 3.157258 3.997813 5.208864 7.051932 9.960964
cr56	24	56	32	488.499 1	0
 1.000000 1.000000 1.000000 1.000000 1.000000 1.000000 1.000000 1.000000
 1.000002 1.000012 1.000042 1.002079 1.014709 1.048352 1.109142 1.199780
 1.321997 1.478184 1.672376 2.203994 3.016055 4.309220 6.467676 10.205132
cr57	24	57	33	493.813 4	0
 1.000001 1.000047 1.000300 1.002174 1.006389 1.012881 1.021332 1.031428
 1.042913 1.055592 1.069321 1.150847 1.250909 1.369500 1.509244 1.674672
 1.872300 2.111007 2.402628 3.211886 4.492320 6.572105 10.010436 15.759655
cr58	24	58	34	501.195 1	0
 1.000000 1.000000 1.000000 1.000000 1.000000 1.000000 1.000000 1.000000
 1.000000 1.000000 1.000000 1.000050 1.000866 1.005168 1.017975 1.045805
 1.096022 1.176776 1.297468 1.708207 2.472909 3.865398 6.418568 11.162526
cr59	24	59	35	505.323 4	0
 1.000079 1.000773 1.002663 1.010435 1.022668 1.038188 1.056161 1.076054
 1.097523 1.120349 1.144389 1.280538 1.442362 1.632873 1.858311 2.127826
 2.453928 2.853312 3.348022 4.748476 7.014191 10.764497 17.069512 27.779398
cr60	24	60	36	512.007 1	0
 1.000000 1.000000 1.000000 1.000000 1.000000 1.000000 1.000000 1.000000
 1.000000 1.000000 1.000000 1.000022 1.000466 1.003182 1.012154 1.033249
 1.073838 1.142868 1.251520 1.651665 2.472797 4.112185 7.368781 13.824710
mn51	25	51	26      440.32	6	0  
 1.000000 1.000000 1.000001 1.000139 1.001372 1.005432 1.013593 1.026171
 1.042777 1.062688 1.085109 1.213221 1.339494 1.454387 1.561577 1.666693
 1.774685 1.889684 2.015407 2.314315 2.707743 3.248632 4.018887 5.147025
mn52	25	52	27      450.855	13	0  
 1.000000 1.000000 1.000000 1.000000 1.000007 1.000061 1.000265 1.000767
 1.001719 1.003263 1.005523 1.031543 1.090585 1.187300 1.318539 1.478216
 1.660743 1.862306 2.081076 2.571876 3.152180 3.865772 4.785461 6.024337
mn53	25	53	28      462.909	8	0  
 1.000000 1.000000 1.000000 1.000000 1.000013 1.000116 1.000502 1.001426
 1.003121 1.005739 1.009342 1.040351 1.084443 1.133633 1.185698 1.241195
 1.301575 1.368595 1.444281 1.631894 1.891599 2.265935 2.821723 3.664069
mn54	25	54	29      471.848	7	0  
 1.001222 1.010222 1.029687 1.088463 1.159096 1.234300 1.311203 1.388475
 1.465527 1.542117 1.618138 1.987619 2.338079 2.676215 3.013365 3.359872
 3.723921 4.112279 4.531358 5.490805 6.676946 8.204736 10.253050 13.099383
mn55	25	55	30      482.074	6	0  
 1.000001 1.000078 1.000896 1.010229 1.034562 1.071758 1.116783 1.165372
 1.214671 1.262972 1.309339 1.504419 1.649513 1.767916 1.876459 1.985393
 2.101301 2.229214 2.373896 2.735825 3.245721 3.997483 5.144220 6.936246
mn56	25	56	31	489.345	7	0
 1.032602 1.091308 1.153311 1.261694 1.351241 1.431575 1.509565 1.589064
 1.671973 1.759028 1.850303 2.355729 2.899815 3.445812 3.982096 4.510593
 5.039758 5.581519 6.150243 7.438554 9.078940 11.326363 14.570999 19.425692
mn57	25	57	32	497.993	6	0
 1.000064 1.001601 1.008005 1.040017 1.089471 1.144993 1.200042 1.251746
 1.299120 1.342056 1.380818 1.526579 1.624821 1.705003 1.784482 1.874769
 1.984954 2.123649 2.300237 2.814364 3.655186 5.032309 7.295238 11.029248
mn58	25	58	33	504.485	7	0
 1.000071 1.000699 1.002409 1.009434 1.020482 1.034487 1.050691 1.068608
 1.087925 1.108441 1.130024 1.251813 1.395624 1.563670 1.760738 1.993648
 2.271389 2.605537 3.010895 4.116159 5.811132 8.463956 12.682776 19.475903
mn59	25	59	34	512.129	4	0
 1.000070 1.000691 1.002381 1.009322 1.020234 1.034060 1.050049 1.067717
 1.086757 1.106967 1.128215 1.247873 1.388627 1.552316 1.743284 1.968048
 2.235679 2.558463 2.952827 4.050459 5.800580 8.675045 13.491244 21.664646
mn60	25	60	35	517.898	7	0
 1.000084 1.000821 1.002831 1.011102 1.024132 1.040680 1.059864 1.081119
 1.104087 1.128536 1.154318 1.300959 1.476610 1.685128 1.933725 2.232441
 2.594480 3.036954 3.581965 5.102214 7.500396 11.357987 17.659071 28.074419
mn61	25	61	36	524.347	6	0
 1.000063 1.000619 1.002134 1.008361 1.018157 1.030582 1.044964 1.060874
 1.078038 1.096277 1.115476 1.224025 1.352637 1.503475 1.681199 1.892763
 2.147852 2.459634 2.845793 3.943490 5.739633 8.761811 13.941838 22.925518
fe51	26	51	25      431.518	6	0  
 1.000000 1.000000 1.000000 1.000053 1.000666 1.003048 1.008398 1.017321
 1.029813 1.045488 1.063789 1.176512 1.295976 1.407784 1.510785 1.607380
 1.700674 1.793814 1.889953 2.104791 2.377119 2.752177 3.298871 4.125273
fe52	26	52	26      447.699	1	0  
 1.000000 1.000000 1.000000 1.000000 1.000000 1.000000 1.000000 1.000004
 1.000022 1.000087 1.000261 1.006988 1.036149 1.097022 1.187924 1.302823
 1.435985 1.583461 1.743116 2.097506 2.508070 3.004926 3.650892 4.565183
fe53	26	53	27      458.384	8	0  
 1.000000 1.000000 1.000000 1.000000 1.000000 1.000000 1.000000 1.000003
 1.000014 1.000047 1.000124 1.002300 1.010396 1.027030 1.053439 1.090275
 1.138110 1.197740 1.270382 1.462449 1.737383 2.134200 2.715856 3.582278
fe54	26	54	28      471.763	1	0  
 1.000000 1.000000 1.000000 1.000000 1.000000 1.000000 1.000000 1.000000
 1.000000 1.000000 1.000000 1.000093 1.001418 1.007348 1.022370 1.050726
 1.096386 1.163550 1.256993 1.545417 2.016054 2.745451 3.853319 5.540019
fe55	26	55	29      481.061	4	0  
 1.000000 1.000000 1.000000 1.000000 1.000003 1.000036 1.000175 1.000546
 1.001282 1.002493 1.004253 1.021961 1.054259 1.101722 1.165987 1.248664
 1.351249 1.475458 1.623568 2.005233 2.537317 3.291374 4.386898 6.019352
fe56	26	56	30      492.258	1	0  
 1.000000 1.000000 1.000000 1.000000 1.000000 1.000000 1.000000 1.000004
 1.000023 1.000091 1.000270 1.007141 1.036783 1.098744 1.192226 1.313058
 1.458549 1.629154 1.828567 2.342336 3.081519 4.174925 5.831507 8.408748
fe57	26	57	31      499.904	2	0  
 1.376073 1.656512 1.868353 2.161079 2.374240 2.558431 2.729523 2.891971
 3.047019 3.195167 3.336821 3.964578 4.502693 4.997744 5.478067 5.961210
 6.460309 6.987915 7.558247 8.901498 10.694413 13.273053 17.194833 23.388605
fe58	26	58	32      509.949	1	0  
 1.000000 1.000000 1.000000 1.000000 1.000000 1.000000 1.000001 1.000007
 1.000039 1.000144 1.000410 1.009447 1.045653 1.119132 1.230457 1.378286
 1.562903 1.786748 2.054231 2.748123 3.730579 5.166105 7.370994 10.946799
fe59	26	59	33	516.53	4	0
 1.000000 1.000000 1.000000 1.000008 1.000123 1.000668 1.002129 1.005015
 1.009790 1.016838 1.026444 1.116024 1.266625 1.458844 1.678108 1.917645
 2.176766 2.459317 2.772969 3.543902 4.640510 6.329173 9.073986 13.682995
fe60	26	60	34	525.35	1	0
 1.000000 1.000000 1.000000 1.000000 1.000000 1.000000 1.000001 1.000006
 1.000032 1.000122 1.000353 1.008545 1.042088 1.110061 1.210884 1.340339
 1.496251 1.679841 1.895977 2.466027 3.343834 4.809387 7.413354 12.222600
fe61	26	61	35	530.931	4	0
 1.000000 1.000000 1.000000 1.000017 1.000172 1.000727 1.001971 1.004123
 1.007320 1.011629 1.017069 1.060551 1.128649 1.219602 1.334289 1.476030
 1.650642 1.866851 2.136999 2.913251 4.201243 6.401768 10.233287 16.979242
co55	27	55	28      476.827	8	0  
 1.000000 1.000000 1.000000 1.000000 1.000000 1.000000 1.000000 1.000000
 1.000000 1.000000 1.000000 1.000000 1.000002 1.000033 1.000215 1.000878
 1.002654 1.006532 1.013879 1.046472 1.120054 1.263795 1.521559 1.960822
co56	27	56	29      486.91	9	0  
 1.000000 1.000004 1.000079 1.001697 1.007853 1.019689 1.036350 1.056371
 1.078444 1.101633 1.125347 1.245084 1.368449 1.502153 1.649300 1.810828
 1.987589 2.181272 2.394707 2.898446 3.548391 4.422593 5.640713 7.386463
co57	27	57	30      498.286	8	0  
 1.000000 1.000000 1.000000 1.000000 1.000000 1.000000 1.000000 1.000000
 1.000000 1.000000 1.000001 1.000115 1.001374 1.006418 1.018675 1.041390
 1.077318 1.128885 1.198524 1.403843 1.725865 2.219679 2.977969 4.154468
co58	27	58	31      506.859	5	0  
 1.126108 1.350307 1.603536 2.089188 2.509135 2.865124 3.168698 3.431421
 3.663031 3.871154 4.061511 4.858520 5.523553 6.122698 6.688094 7.244635
 7.814514 8.418975 9.079742 10.667717 12.815298 15.866033 20.346103 27.081859
co59	27	59	32      517.313	8	0	
 1.000000 1.000000 1.000000 1.000000 1.000000 1.000000 1.000000 1.000000
 1.000000 1.000001 1.000003 1.000281 1.002956 1.012693 1.034698 1.073254
 1.131710 1.213089 1.320791 1.634426 2.131006 2.917091 4.180414 6.245053
co60	27	60	33	524.805	11	0
 1.000506 1.004882 1.015166 1.047136 1.083442 1.118802 1.152849 1.186606
 1.221129 1.257168 1.295161 1.517054 1.782291 2.076016 2.391181 2.727700
 3.090269 3.487133 3.929689 5.014617 6.515461 8.704273 12.020699 17.183315
co61	27	61	34	534.125	8	0
 1.000000 1.000000 1.000000 1.000000 1.000000 1.000000 1.000000 1.000000
 1.000000 1.000001 1.000004 1.000278 1.002569 1.010533 1.028677 1.061715
 1.114688 1.193425 1.305137 1.667458 2.316671 3.453925 5.431878 8.868428
co62	27	62	35	540.73	5	0
 1.171248 1.401074 1.613796 1.939342 2.162047 2.320281 2.437628 2.527999
 2.600025 2.659404 2.710117 2.913673 3.135573 3.431386 3.821452 4.320643
 4.947478 5.727528 6.695581 9.395594 13.618483 20.332460 31.175136 48.922761
co63	27	63	36	549.21	8	0
 1.000000 1.000000 1.000000 1.000000 1.000000 1.000000 1.000000 1.000000
 1.000000 1.000002 1.000009 1.000501 1.004197 1.016199 1.042391 1.088877
 1.162387 1.271032 1.425194 1.929380 2.849685 4.500445 7.447238 12.706320
co64	27	64	37	555.234	3	0
 1.000207 1.002037 1.007024 1.027560 1.059942 1.101107 1.148883 1.201879
 1.259213 1.320322 1.384845 1.753458 2.198573 2.731968 3.374760 4.156470
 5.116392 6.306171 7.793526 12.044370 18.972336 30.496969 49.974264 83.291907
co65	27	65	38	562.682	8	0
 1.000036 1.000355 1.001224 1.004799 1.010432 1.017586 1.025880 1.035070
 1.045002 1.055574 1.066724 1.130156 1.206176 1.296545 1.404724 1.535861
 1.697191 1.898649 2.153747 2.904439 4.186754 6.433561 10.434243 17.628615
ni55	28	55	27      467.352	8	0  
 1.000000 1.000000 1.000000 1.000000 1.000000 1.000000 1.000000 1.000000
 1.000000 1.000000 1.000001 1.000078 1.000675 1.002622 1.006817 1.014044
 1.024986 1.040296 1.060688 1.120342 1.213934 1.358075 1.580305 1.925851
ni56	28	56	28      483.992	1	0  
 1.000000 1.000000 1.000000 1.000000 1.000000 1.000000 1.000000 1.000000
 1.000000 1.000000 1.000000 1.000000 1.000001 1.000018 1.000148 1.000669
 1.002103 1.005194 1.010868 1.034512 1.084652 1.180068 1.354034 1.666865
ni57	28	57	29      494.241	4	0  
 1.000000 1.000000 1.000000 1.000000 1.000000 1.000000 1.000001 1.000004
 1.000022 1.000075 1.000202 1.004017 1.018144 1.045237 1.083758 1.130988
 1.184790 1.244214 1.309599 1.465840 1.681353 2.007187 2.526610 3.372479
ni58	28	58	30      506.458	1	0  
 1.000000 1.000000 1.000000 1.000000 1.000000 1.000000 1.000000 1.000000
 1.000000 1.000000 1.000000 1.000065 1.001088 1.005972 1.018947 1.044289
 1.086067 1.148491 1.236304 1.511447 1.971321 2.708749 3.878754 5.751124
ni59	28	59	31      515.458	4	0  
 1.000000 1.000000 1.000000 1.000003 1.000080 1.000579 1.002176 1.005625
 1.011502 1.020113 1.031515 1.123631 1.251918 1.397726 1.555393 1.724911
 1.908359 2.108899 2.330755 2.862553 3.573434 4.582945 6.093407 8.445263
ni60	28	60	32      526.845	1	0  
 1.000000 1.000000 1.000000 1.000000 1.000000 1.000000 1.000000 1.000000
 1.000000 1.000000 1.000001 1.000167 1.002219 1.010669 1.031148 1.068864
 1.128512 1.214717 1.332520 1.688285 2.267259 3.200195 4.736228 7.348117
ni61	28	61	33      534.666	4	0  
 1.000601 1.008156 1.030034 1.110614 1.212389 1.314537 1.409417 1.495291
 1.572534 1.642133 1.705158 1.952283 2.141203 2.318362 2.508879 2.726578
 2.980032 3.276114 3.622193 4.505440 5.754637 7.600780 10.458870 15.060670
ni62	28	62	34      545.262	1	0  
 1.000000 1.000000 1.000000 1.000000 1.000000 1.000000 1.000000 1.000000
 1.000000 1.000001 1.000006 1.000573 1.005564 1.021981 1.055860 1.111183
 1.191194 1.299779 1.442339 1.862388 2.553393 3.714915 5.745152 9.436823
ni63	28	63	35      552.1	2	0  
 1.000121 1.003537 1.019281 1.107704 1.260906 1.450449 1.654164 1.858758
 2.057156 2.246032 2.424181 3.166185 3.733154 4.210722 4.656738 5.110646
 5.602189 6.157992 6.806595 8.531042 11.203237 15.588155 23.066838 36.129525
ni64	28	64	36      561.758	1	0  
 1.000000 1.000000 1.000000 1.000000 1.000000 1.000000 1.000000 1.000000
 1.000000 1.000000 1.000001 1.000150 1.002042 1.009873 1.028721 1.062983
 1.116540 1.193700 1.300266 1.639464 2.262802 3.447552 5.777382 10.453391
ni65	28	65	37	567.856	6	0
 1.000213 1.002470 1.008418 1.028696 1.053053 1.077021 1.099443 1.120408
 1.140295 1.159448 1.178116 1.268300 1.358034 1.451872 1.554175 1.669701
 1.804272 1.965519 2.163691 2.731259 3.688454 5.369075 8.387114 13.871415
cu59	29	59	30      509.877	4	0  
 1.000000 1.000000 1.000000 1.000000 1.000000 1.000006 1.000038 1.000146
 1.000405 1.000900 1.001712 1.012506 1.037057 1.076405 1.130801 1.201070
 1.289277 1.399034 1.535686 1.921222 2.535596 3.528145 5.146226 7.801148
cu60	29	60	31      519.935	5	0  
 1.000440 1.004878 1.016245 1.054115 1.098985 1.143081 1.184825 1.224954
 1.264755 1.305445 1.347986 1.605224 1.942007 2.341835 2.788815 3.276186
 3.805452 4.384613 5.027142 6.583052 8.699158 11.741335 16.300806 23.341025
cu61	29	61	32      531.646	4	0  
 1.000000 1.000000 1.000000 1.000000 1.000001 1.000008 1.000051 1.000190
 1.000509 1.001098 1.002036 1.013609 1.038829 1.080616 1.143098 1.231320
 1.351212 1.509977 1.716737 2.325600 3.327167 4.985236 7.764301 12.478800
cu62	29	62	33      540.531	3	0  
 1.014640 1.070953 1.156205 1.344044 1.512104 1.654958 1.780716 1.897876
 2.012733 2.129414 2.250428 2.950381 3.805770 4.784250 5.864356 7.043356
 8.334946 9.767088 11.381474 15.400665 21.082107 29.575370 42.799853 63.983053
cu63	29	63	34      551.384	4	0	
 1.000000 1.000000 1.000000 1.000000 1.000000 1.000000 1.000001 1.000008
 1.000032 1.000095 1.000232 1.003793 1.017447 1.047711 1.099921 1.179423
 1.292969 1.449819 1.662750 2.332974 3.531736 5.674725 9.516858 16.426244
cu64	29	64	35      559.3	3	0   
 1.000000 1.000007 1.000161 1.003551 1.017023 1.044794 1.087641 1.144765
 1.214839 1.296441 1.388232 1.963642 2.670434 3.461853 4.326180 5.278281
 6.353226 7.602929 9.096098 13.190886 19.691955 30.375989 48.294086 78.742668
cu65	29	65	36      569.211	4	0	
 1.000000 1.000000 1.000000 1.000000 1.000000 1.000000 1.000000 1.000001
 1.000007 1.000025 1.000069 1.001584 1.008603 1.026146 1.059282 1.113963
 1.198428 1.324602 1.509513 2.159727 3.466840 6.022228 10.923429 20.207443
zn59	30	59	29      499.998	4	0 
 1.000000 1.000000 1.000000 1.000000 1.000010 1.000071 1.000281 1.000765
 1.001654 1.003059 1.005069 1.025712 1.064869 1.121987 1.196844 1.290326
 1.404582 1.543155 1.711196 2.166400 2.859495 3.943389 5.676398 8.493718
zn60	30	60	30      514.996	1	0 
 1.000000 1.000000 1.000000 1.000000 1.000000 1.000000 1.000000 1.000000
 1.000002 1.000012 1.000043 1.002113 1.014763 1.047604 1.104672 1.185526
 1.288184 1.411048 1.553941 1.909907 2.405751 3.157500 4.395655 6.561123
zn61	30	61	31      525.225	4	0 
 1.000018 1.000640 1.004105 1.028892 1.079922 1.149272 1.227852 1.309412
 1.390377 1.468933 1.544295 1.873529 2.149283 2.404444 2.660125 2.930308
 3.226841 3.562600 3.953439 4.987525 6.574274 9.126844 13.347007 20.435205
zn62	30	62	32      538.123	1	0 
 1.000000 1.000000 1.000000 1.000000 1.000000 1.000000 1.000000 1.000001
 1.000005 1.000023 1.000078 1.003120 1.019899 1.061356 1.132774 1.236590
 1.375781 1.555560 1.784175 2.440858 3.511885 5.320802 8.501683 14.293932
zn63	30	63	33      547.236	4	0 
 1.000000 1.000000 1.000021 1.000896 1.005944 1.018638 1.040110 1.069557
 1.105384 1.145947 1.189873 1.433082 1.693141 1.971803 2.280693 2.632672
 3.041464 3.523056 4.097621 5.641251 8.016022 11.846248 18.259762 29.284231
zn64	30	64	34      559.097	1	0 
 1.000000 1.000000 1.000000 1.000000 1.000000 1.000000 1.000000 1.000000
 1.000003 1.000014 1.000050 1.002336 1.016042 1.051742 1.115401 1.210331
 1.340808 1.514434 1.743453 2.446945 3.700295 5.993935 10.315541 18.667654
zn65	30	65	35      567.077	6	0 
 1.000641 1.005241 1.015451 1.049424 1.095070 1.146979 1.201668 1.256887
 1.311222 1.363836 1.414291 1.634075 1.821379 2.009289 2.220925 2.471798
 2.775618 3.148458 3.611609 4.935273 7.127830 10.890881 17.512284 29.354150
zn66	30	66	36      578.136	1	0 
 1.000000 1.000000 1.000000 1.000000 1.000000 1.000000 1.000000 1.000000
 1.000001 1.000008 1.000029 1.001612 1.012121 1.041228 1.095292 1.178665
 1.297185 1.460692 1.684625 2.413758 3.804752 6.510068 11.888248 22.778324
zn67	30	67	37      585.188	6	0 
 1.000007 1.000245 1.001500 1.009553 1.025403 1.047491 1.073954 1.103279
 1.134412 1.166694 1.199763 1.374740 1.573756 1.809598 2.091815 2.429955
 2.837211 3.333072 3.945739 5.696238 8.627378 13.752677 22.966756 39.805809
zn68	30	68	38      595.386	1	0 
 1.000000 1.000000 1.000000 1.000000 1.000000 1.000000 1.000000 1.000000
 1.000001 1.000005 1.000019 1.001204 1.009809 1.035181 1.084518 1.162936
 1.276082 1.432763 1.647461 2.356735 3.786499 6.810943 13.359369 27.580497
zn69	30	69	39      601.868	2	0 
 1.000000 1.000000 1.000000 1.000000 1.000015 1.000203 1.001138 1.003929
 1.010001 1.020776 1.037431 1.228032 1.596859 2.122019 2.796549 3.637009
 4.683553 6.002049 7.689670 12.779230 21.847044 38.543843 69.881313 129.307993
zn70	30	70	40      611.086	1	0	
 1.000000 1.000000 1.000000 1.000000 1.000000 1.000000 1.000000 1.000002
 1.000014 1.000057 1.000178 1.005596 1.032036 1.093793 1.198251 1.350187
 1.555752 1.825268 2.176180 3.253859 5.279315 9.404412 18.211750 37.316504
ga63	31	63	32      540.787	4	0  
 1.000075 1.000734 1.002529 1.009904 1.021500 1.036193 1.053189 1.071973
 1.092218 1.113712 1.136314 1.263680 1.413674 1.588330 1.792352 2.032810
 2.319647 2.666598 3.092436 4.291717 6.248071 9.559458 15.303554 25.419611
ga64	31	64	33      551.146	1	0  
 1.034823 1.182506 1.419385 1.985417 2.566989 3.140600 3.704814 4.259503
 4.805414 5.344599 5.880083 8.611991 11.605968 14.928630 18.589502 22.628917
 27.138153 32.263213 38.209978 53.763725 77.240824 114.588341 176.137179 279.940394
ga65	31	65	34      563.04	4	0	
 1.000375 1.004129 1.013719 1.046368 1.088667 1.136479 1.188166 1.242332
 1.297662 1.353067 1.407753 1.659503 1.880565 2.096757 2.333282 2.610539
 2.947145 3.363656 3.886013 5.400266 7.953726 12.419148 20.428915 35.020782
ga66	31	66	35      572.179	1	0   
 1.020013 1.120025 1.307552 1.847451 2.492698 3.176277 3.869905 4.562614
 5.251392 5.936534 6.619425 10.046801 13.578595 17.320310 21.411154 26.032647
 31.413859 37.844073 45.693161 67.711538 103.397923 163.152753 265.440913 443.246626
ga67	31	67	36      583.405	4	0	
 1.000000 1.000001 1.000031 1.000784 1.003978 1.010726 1.021222 1.035271
 1.052556 1.072709 1.095344 1.234151 1.399240 1.589046 1.814745 2.091752
 2.438505 2.878422 3.443155 5.141442 8.147828 13.670000 24.059037 43.857656
ga68	31	68	37      591.683	3	0  
 1.000000 1.000002 1.000065 1.001920 1.010563 1.029982 1.061611 1.105692
 1.162152 1.230831 1.311494 1.881884 2.696401 3.729321 4.988543 6.512941
 8.371105 10.664273 13.533490 21.838303 35.795965 60.005180 102.914837 180.088873
ga69	31	69	38      601.996	4	0	
 1.000000 1.000000 1.000000 1.000002 1.000048 1.000309 1.001074 1.002648
 1.005277 1.009137 1.014346 1.062168 1.147163 1.272187 1.445104 1.679064
 1.993404 2.415898 2.986274 4.821237 8.300586 15.026357 28.173297 53.995201
ga70	31	70	39      609.65	3	0   
 1.000000 1.000000 1.000000 1.000000 1.000001 1.000013 1.000096 1.000406
 1.001218 1.002902 1.005892 1.056632 1.207268 1.508571 2.011893 2.777248
 3.881793 5.429245 7.561375 14.432322 27.110090 50.555178 94.182069 175.862942
ga71	31	71	40      618.951	4	0
 1.000000 1.000000 1.000000 1.000000 1.000008 1.000084 1.000436 1.001451
 1.003625 1.007456 1.013358 1.080472 1.208787 1.389181 1.618727 1.903654
 2.260054 2.715870 3.314412 5.224539 8.920743 16.296956 31.176923 61.243344
ge63	32	63	31      530.397	2	0
 1.000166 1.001634 1.005626 1.022016 1.047757 1.080337 1.117972 1.159514
 1.204224 1.251621 1.301388 1.580438 1.906104 2.281364 2.714411 3.217566
 3.807987 4.509246 5.353648 7.664767 11.323953 17.403459 27.862166 46.261965
ge64	32	64	32      545.879	1	0
 1.000000 1.000000 1.000000 1.000000 1.000000 1.000000 1.000000 1.000002
 1.000010 1.000044 1.000142 1.004685 1.027253 1.079909 1.167087 1.288469
 1.441947 1.625102 1.835941 2.339214 2.983410 3.931243 5.680966 9.477749
ge65	32	65	33      556.015	4	0
 1.000004 1.000280 1.002393 1.020478 1.059909 1.114081 1.175264 1.238174
 1.299778 1.358524 1.413736 1.637775 1.801331 1.937203 2.064094 2.190663
 2.320331 2.454287 2.593689 2.912116 3.446903 4.828119 8.738579 18.920587
ge66	32	66	34      569.296	1	0
 1.000000 1.000000 1.000000 1.000000 1.000000 1.000000 1.000000 1.000001
 1.000005 1.000022 1.000075 1.003045 1.019641 1.061190 1.133681 1.240454
 1.386028 1.578584 1.831611 2.610389 4.023859 6.702739 11.981354 22.684714
ge67	32	67	35      578.401	2	0
 1.362949 1.733994 2.045105 2.501348 2.828059 3.089585 3.314509 3.515910
 3.700279 3.871221 4.031076 4.720751 5.349605 6.048065 6.906694 7.994094
 9.374820 11.123320 13.336131 19.731605 30.352297 48.648869 81.221377 140.609330
ge68	32	68	36      590.794	1	0
 1.000000 1.000000 1.000000 1.000000 1.000000 1.000000 1.000000 1.000000
 1.000002 1.000010 1.000038 1.001935 1.013998 1.046881 1.108156 1.203868
 1.341797 1.533929 1.798558 2.666516 4.350736 7.721002 14.668013 29.306788
ge69	32	69	37      598.986	6	0
 1.000014 1.000404 1.002166 1.011688 1.027675 1.047741 1.070835 1.096759
 1.125570 1.157292 1.191836 1.399409 1.649284 1.939757 2.286444 2.712359
 3.245126 3.918784 4.777905 7.319841 11.709445 19.595683 34.208229 61.834435
ge70	32	70	38      610.52	1	0
 1.000000 1.000000 1.000000 1.000000 1.000000 1.000000 1.000000 1.000000
 1.000001 1.000008 1.000030 1.001703 1.013199 1.046390 1.110925 1.214861
 1.367946 1.584805 1.888031 2.908155 4.964628 9.268247 18.570893 39.087109
ge71	32	71	39      617.936	2	0
 1.000000 1.000005 1.000167 1.005780 1.034586 1.101830 1.209892 1.352818
 1.522321 1.710882 1.912710 3.020152 4.230684 5.587137 7.161957 9.027957
 11.267757 13.990684 17.351990 26.984386 43.396570 73.123638 129.216621 237.558449
ge72	32	72	40      628.686	1	0
 1.000000 1.000000 1.000000 1.000000 1.000000 1.000000 1.000002 1.000015
 1.000072 1.000241 1.000641 1.012714 1.059270 1.155341 1.308640 1.528205
 1.828281 2.229697 2.761619 4.399677 7.360223 13.059289 24.821874 50.380544
ge73	32	73	41      635.469	10	0
 1.128543 1.219475 1.296266 1.429717 1.545530 1.645511 1.731701 1.806905
 1.873942 1.935254 1.992801 2.264954 2.557266 2.889471 3.269070 3.705732
 4.214679 4.818772 5.551392 7.616467 11.109708 17.471300 29.646731 53.624809
ge74	32	74	42      645.665	1	0
 1.000000 1.000000 1.000000 1.000000 1.000000 1.000005 1.000049 1.000257
 1.000882 1.002305 1.004972 1.050369 1.164729 1.348424 1.598396 1.917556
 2.316413 2.814364 3.442171 5.297276 8.620352 15.145366 28.994658 59.865929
ge75	32	75	43      652.17	2	0
 1.000000 1.000083 1.001297 1.022081 1.097588 1.246857 1.467854 1.748233
 2.073518 2.430778 2.809683 4.819938 6.803455 8.702287 10.555240 12.430277
 14.416144 16.629603 19.229669 26.571055 39.605717 64.858439 115.853928 220.582348
ge76	32	76	44      661.598	1	0
 1.000000 1.000000 1.000000 1.000000 1.000000 1.000011 1.000093 1.000443
 1.001422 1.003525 1.007291 1.065331 1.201588 1.411114 1.685773 2.023449
 2.428976 2.914514 3.501389 5.139216 7.954103 13.479276 25.432294 52.544422
as67	33	67	34      571.609	6	0
 1.000000 1.000000 1.000000 1.000000 1.000000 1.000000 1.000002 1.000013
 1.000054 1.000167 1.000409 1.006095 1.023798 1.054756 1.096994 1.148093
 1.206232 1.270889 1.344208 1.555344 2.041762 3.366935 6.807052 14.979227
as68	33	68	35      581.931	7	0
 1.000157 1.001545 1.005330 1.020923 1.045534 1.076849 1.113231 1.153632
 1.197389 1.244084 1.293450 1.576774 1.922261 2.341709 2.855151 3.490522
 4.285382 5.289908 6.571177 10.354224 16.792666 27.992592 47.804225 83.289359
as69	33	69	36      594.19	6	0
 1.000008 1.000367 1.002486 1.017209 1.046197 1.084860 1.128909 1.175632	
 1.223514 1.271762 1.319998 1.559089 1.801669 2.059975 2.345518 2.670248
 3.048409 3.498566 4.046121 5.590461 8.183373 12.833017 21.552138 38.329057 
as70	33	70	37      603.518	1	0
 1.042027 1.173904 1.377994 1.911364 2.535340 3.211352 3.924199 4.667213
 5.437326 6.233189 7.054359 11.552641 16.790091 22.943341 30.264266 39.098594
 49.914883 63.344643 80.237707 129.390806 212.235569 356.046616 611.196016 1071.106794
as71	33	71	38      615.14	6	0
 1.000000 1.000012 1.000209 1.003521 1.014447 1.033712 1.059335 1.088927
 1.120594 1.153065 1.185575 1.341509 1.497608 1.681101 1.916391 2.224441
 2.627123 3.151835 3.836346 5.924857 9.681763 16.743436 30.464787 57.655731
as72	33	72	39      623.547	5	0
 1.002950 1.017349 1.042078 1.102433 1.162622 1.222455 1.287880 1.364420
 1.455506 1.562630 1.685946 2.516154 3.625298 4.972986 6.586568 8.538268
 10.938750 13.941949 17.757436 29.066174 48.619132 83.448516 146.825497 263.905723
as73	33	73	40      634.345	4	0
 1.000658 1.009153 1.034517 1.131606 1.258524 1.389215 1.513491 1.629145
 1.737163 1.839535 1.938347 2.431873 2.993763 3.659588 4.447130 5.379773
 6.493899 7.844446 9.512474 14.327908 22.679555 38.186886 68.315302 128.350433
as74	33	74	41      642.32	5	0
 1.000000 1.000002 1.000073 1.002711 1.017989 1.059614 1.138382 1.260110
 1.426187 1.634907 1.882770 3.560008 5.668723 8.015601 10.583354 13.446820
 16.740692 20.655899 25.451389 39.208929 62.636360 104.475977 181.469311 325.878180
as75	33	75	42      652.564	4	0
 1.000000 1.000000 1.000005 1.000316 1.002871 1.011721 1.031184 1.064125
 1.111598 1.173268 1.247991 1.765224 2.421423 3.157471 3.971484 4.887810
 5.947760 7.210939 8.762314 13.273361 21.280693 36.585417 67.184350 129.794733
se67	34	67	33      560.656	4	0
 1.000111 1.001092 1.003761 1.014724 1.031956 1.053786 1.079027 1.106916
 1.136963 1.168850 1.202370 1.391015 1.612659 1.870045 2.169735 2.521574
 2.939466 3.442935 4.059464 5.802513 8.708888 13.839611 23.259417 40.956342
se68	34	68	34      576.465	1	0
 1.000000 1.000000 1.000000 1.000000 1.000000 1.000000 1.000000 1.000004
 1.000019 1.000068 1.000195 1.005049 1.028652 1.087418 1.194342 1.359532
 1.592365 1.903503 2.306722 3.472842 5.361155 8.548501 14.303818 25.435093
se69	34	69	35      586.623	4	0
 1.015500 1.071163 1.152480 1.326718 1.478247 1.601095 1.700093 1.780755
 1.847583 1.904038 1.952749 2.135566 2.285324 2.434531 2.591248 2.758575
 2.939477 3.139657 3.371931 4.061862 5.568870 9.282353 18.202884 38.412845
se70	34	70	36      600.439	1	0
 1.000000 1.000000 1.000000 1.000000 1.000000 1.000000 1.000000 1.000001
 1.000006 1.000026 1.000087 1.003373 1.021375 1.066309 1.145078 1.261297
 1.418031 1.619728 1.874538 2.619678 4.000208 6.986120 13.981151 30.546435
se71	34	71	37      609.58	4	0
 1.002043 1.014345 1.039153 1.112766 1.200842 1.293899 1.388752 1.484451
 1.580833 1.678005 1.776163 2.288935 2.854476 3.492299 4.223055 5.072138
 6.073045 7.271660 8.732237 12.842567 19.707710 31.985292 55.062313 99.779941
se72	34	72	38      622.429	1	0
 1.000000 1.000000 1.000000 1.000000 1.000000 1.000000 1.000000 1.000003
 1.000020 1.000080 1.000246 1.007276 1.041310 1.122763 1.266036 1.483824
 1.791513 2.210265 2.769948 4.501400 7.620675 13.556457 25.635078 51.612212
se73	34	73	39      630.824	10	0
 1.039176 1.107241 1.178137 1.300732 1.400596 1.487729 1.568264 1.645271
 1.720306 1.794239 1.867633 2.238613 2.637036 3.082521 3.591478 4.182233
 4.878409 5.712302 6.729273 9.598546 14.416529 23.097262 39.562161 71.797617
se74	34	74	40      642.89	1	0
 1.000000 1.000000 1.000000 1.000000 1.000000 1.000002 1.000024 1.000140
 1.000527 1.001482 1.003399 1.041954 1.153364 1.348560 1.629517 2.002056
 2.479250 3.082665 3.844557 6.056497 9.858641 17.014025 31.796092 64.474308
se75	34	75	41      650.918	6	0
 1.000003 1.000280 1.002703 1.026973 1.086528 1.175515 1.282910 1.399900
 1.520792 1.642274 1.762592 2.334690 2.884111 3.458215 4.094550 4.826217
 5.690024 6.733674 8.023664 11.768377 18.341030 30.753369 55.370705 105.543655
se76	34	76	42      662.072	1	0
 1.000000 1.000000 1.000000 1.000000 1.000000 1.000012 1.000101 1.000471
 1.001502 1.003700 1.007613 1.067038 1.205572 1.421746 1.716191 2.098782
 2.588086 3.211667 4.008780 6.378202 10.592588 18.813573 36.358121 76.144569
se77	34	77	43      669.491	2	0
 1.000000 1.000021 1.000527 1.013708 1.071979 1.198641 1.396267 1.655405
 1.963016 2.306727 2.676356 4.708105 6.860839 9.135791 11.610049 14.369708
 17.515661 21.182398 25.561810 37.715368 58.236566 96.376442 172.070571 327.920824
se78	34	78	44      679.989	1	0
 1.000000 1.000000 1.000000 1.000000 1.000000 1.000003 1.000035 1.000191
 1.000680 1.001829 1.004037 1.043642 1.146493 1.313214 1.540512 1.830381
 2.190594 2.635588 3.190057 4.824378 7.898333 14.565246 30.306627 68.549503
se79	34	79	45      686.952	8	0
 1.000004 1.000195 1.001553 1.014155 1.045116 1.092030 1.149259 1.212054
 1.277346 1.343426 1.409488 1.738510 2.087520 2.480905 2.930016 3.443163
 4.033855 4.726369 5.560862 7.937194 12.128564 20.215953 36.626492 70.734446
se80	34	80	46      696.866	1	0
 1.000000 1.000000 1.000000 1.000000 1.000000 1.000001 1.000013 1.000080
 1.000318 1.000930 1.002195 1.028974 1.106617 1.238505 1.420759 1.653828
 1.945445 2.312093 2.782049 4.243882 7.141534 13.517447 28.390646 63.785743
se81	34	81	47      703.566	2	0
 1.000026 1.001384 1.010150 1.074473 1.202478 1.371769 1.562966 1.765230
 1.973259 2.184577 2.398025 3.483380 4.585835 5.706361 6.867601 8.111843
 9.502064 11.127908 13.116709 18.990744 29.769739 50.993599 94.325403 184.366795
se82	34	82	48      712.842	1	0
 1.000000 1.000000 1.000000 1.000000 1.000000 1.000001 1.000016 1.000097
 1.000375 1.001078 1.002508 1.031603 1.112865 1.245511 1.420460 1.633170
 1.886768 2.193162 2.575133 3.739681 6.030329 11.027580 22.513332 49.396835
br71	35	71	36      602.745	6	0
 1.117295 1.166142 1.197737 1.235579 1.258708 1.277481 1.296445 1.317366
 1.340638 1.366065 1.393277 1.546073 1.716573 1.901144 2.097250 2.302820
 2.518569 2.750981 3.016092 3.785644 5.360148 8.922869 16.924475 34.328143
br72	35	72	37      612.768	7	0
 1.000004 1.000227 1.001694 1.013386 1.039598 1.078723 1.127924 1.184882
 1.247971 1.316109 1.388587 1.805153 2.307424 2.908131 3.633560 4.522635
 5.629948 7.030893 8.829108 14.240192 23.773060 41.061281 73.049699 133.047854
br73	35	73	38      625.453	2	0
 1.136926 1.383147 1.640987 2.074425 2.401073 2.663797 2.895691 3.116475
 3.336922 3.562551 3.795955 5.096042 6.604112 8.318430 10.273396 12.532083
 15.187010 18.369367 22.265670 33.384830 52.414698 87.357385 154.674200 288.014287
br74	35	74	39      635.201	1	0
 2.169914 2.785172 3.293961 4.329289 5.531969 6.919844 8.479190 10.185281
 12.009079 13.922833 15.903041 26.308148 37.113016 48.430289 60.699133 74.503790
 90.582581 109.893556 133.712110 202.408940 319.687324 529.439242 916.182030 1643.437879
br75	35	75	40	647.106	4	0
 1.000002 1.000204 1.002282 1.026702 1.094882 1.208663 1.360238 1.540612
 1.742197 1.959147 2.187112 3.407095 4.673271 5.970663 7.331531 8.806313
 10.460761 12.381939 14.689577 21.215655 32.507089 53.757298 95.890325 181.758650
br76	35	76	41      656.327	3	0
 1.008505 1.050395 1.126724 1.344462 1.608226 1.898305 2.212603 2.554226
 2.925823 3.328127 3.760191 6.289016 9.257622 12.578955 16.313189 20.616585
 25.729365 31.989633 39.865461 63.309603 104.946940 182.204185 329.538000 615.345471
br77	35	77	42      667.344	4	0
 1.000012 1.000770 1.006364 1.055537 1.170479 1.341512 1.550630 1.782972
 2.028537 2.281200 2.537463 3.836553 5.175490 6.595523 8.132547 9.826679
 11.734286 13.938371 16.561356 23.869010 36.365276 59.861508 106.758536 203.354659
br78	35	78	43      675.633	3	0
 1.042044 1.160530 1.325219 1.693222 2.062813 2.433356 2.815029 3.214708
 3.635732 4.079369 4.545893 7.216867 10.462015 14.359685 19.063799 24.809073
 31.931770 40.904056 52.384354 86.896101 148.054028 260.494457 472.785859 881.181499
br79	35	79	44      686.32	4	0
 1.000000 1.000000 1.000020 1.001199 1.009439 1.032970 1.076646 1.141114
 1.224482 1.323873 1.436338 2.120103 2.914257 3.788389 4.753725 5.839446
 7.095604 8.602245 10.482522 16.195549 27.071296 49.280886 96.170496 196.460355
br80	35	80	45      694.213	3	0
 1.022665 1.099271 1.218854 1.529719 1.876042 2.226451 2.581703 2.955652
 3.362894 3.813766 4.313579 7.515192 11.573162 16.181715 21.295719 27.054404
 33.730685 41.726664 51.601136 80.356831 130.445971 222.255806 396.124609 732.523997
br81	35	81	46      704.369	4	0
 1.000000 1.000000 1.000000 1.000035 1.000500 1.002492 1.007322 1.015977
 1.029034 1.046803 1.069453 1.258741 1.574956 2.010245 2.558796 3.228254
 4.045978 5.064302 6.368076 10.411879 18.144041 33.787758 66.365483 135.123290
kr71	36	71	35      591.822	10	0
 1.000081 1.000801 1.002757 1.010791 1.023410 1.039384 1.057840 1.078217
 1.100152 1.123410 1.147837 1.284905 1.445087 1.629949 1.843659 2.092475
 2.385159 2.733914 3.155895 4.327492 6.250683 9.647555 15.997621 28.307717
kr72	36	72	36      606.911	1	0
 1.000000 1.000000 1.000000 1.000000 1.000000 1.000000 1.000006 1.000039
 1.000171 1.000535 1.001336 1.021048 1.085935 1.206225 1.380353 1.604408
 1.877602 2.205841 2.604568 3.740709 5.737712 9.584068 17.468677 34.355404
kr73	36	73	37      617.593	6	0
 1.000173 1.001703 1.005865 1.022965 1.049849 1.083915 1.123314 1.166858
 1.213785 1.263601 1.315983 1.611086 1.958454 2.362706 2.834577 3.390173
 4.052372 4.853627 5.840360 8.667551 13.512538 22.416401 39.606566 73.770930
kr74	36	74	38      631.445	1	0
 1.000000 1.000000 1.000000 1.000000 1.000009 1.000126 1.000737 1.002601
 1.006696 1.013982 1.025222 1.151755 1.394526 1.747384 2.214889 2.809576
 3.550602 4.465896 5.596536 8.778863 14.062873 23.692096 42.903054 83.771829
kr75	36	75	39      641.508	6	0
 1.000000 1.000001 1.000046 1.001609 1.009583 1.028223 1.058634 1.099944
 1.150617 1.209092 1.274018 1.665131 2.132729 2.669759 3.288948 4.012121
 4.869869 5.904843 7.177523 10.822717 17.084371 28.658157 51.200141 96.498906
kr76	36	76	40      654.27	1	0
 1.000000 1.000000 1.000000 1.000000 1.000023 1.000266 1.001372 1.004431
 1.010677 1.021178 1.036667 1.194097 1.466046 1.827186 2.271417 2.808406
 3.459728 4.258488 5.252103 8.127388 13.126503 22.675624 42.596700 86.807287
kr77	36	77	41      663.496	6	0
 1.000297 1.003897 1.014275 1.054898 1.114883 1.188543 1.272597 1.364629
 1.462628 1.564944 1.670299 2.219338 2.791966 3.402085 4.073903 4.836817
 5.729543 6.806714 8.148055 12.152530 19.556453 34.351086 65.248260 131.090730
kr78	36	78	42      675.578	1	0
 1.000000 1.000000 1.000000 1.000000 1.000009 1.000130 1.000753 1.002649
 1.006801 1.014166 1.025491 1.150686 1.381580 1.703695 2.120484 2.648591
 3.312438 4.144179 5.188120 8.208552 13.472490 23.793775 46.395356 99.416860
kr79	36	79	43      683.912	2	0
 1.000001 1.000259 1.003667 1.054020 1.211804 1.486069 1.852308 2.281284
 2.749677 3.241376 3.746066 6.325024 8.958119 11.731146 14.742805 18.097902
 21.929617 26.423635 31.848623 47.261505 74.213276 126.017089 231.856318 455.233873
kr80	36	80	44      695.433	1	0
 1.000000 1.000000 1.000000 1.000000 1.000000 1.000003 1.000033 1.000182
 1.000652 1.001763 1.003905 1.042863 1.146007 1.316582 1.552249 1.854153
 2.229144 2.692554 3.273873 5.047662 8.672432 17.358712 39.761810 98.186191
kr81	36	81	45      703.306	8	0
 1.004001 1.027147 1.070719 1.184367 1.298307 1.399259 1.486269 1.561330
 1.626831 1.684938 1.737499 1.962977 2.198210 2.490825 2.858948 3.314849
 3.877905 4.582927 5.488036 8.314074 13.820168 25.282155 49.930776 103.616221
kr82	36	82	46      714.273	1	0
 1.000000 1.000000 1.000000 1.000000 1.000000 1.000000 1.000002 1.000013
 1.000064 1.000224 1.000610 1.012375 1.056724 1.145709 1.283975 1.477524
 1.737919 2.084789 2.549937 4.076795 7.293131 14.840640 33.627460 81.085818
kr83	36	83	47      721.737	10	0
 1.270359 1.394656 1.481670 1.596286 1.669044 1.719523 1.756651 1.785165
 1.807874 1.826593 1.842581 1.907161 1.980627 2.085069 2.232318 2.434632
 2.709889 3.085426 3.602332 5.331601 8.805478 15.956260 30.897470 62.397434
kr84	36	84	48      732.257	1	0
 1.000000 1.000000 1.000000 1.000000 1.000000 1.000000 1.000000 1.000002
 1.000014 1.000058 1.000180 1.005459 1.030188 1.085348 1.174750 1.301711
 1.474639 1.710586 2.039140 3.197868 5.811577 12.071214 27.435822 65.207517
kr85	36	85	49      739.378	10	0
 1.000000 1.000000 1.000000 1.000002 1.000029 1.000169 1.000549 1.001276
 1.002400 1.003924 1.005815 1.019242 1.037960 1.066860 1.117034 1.203754
 1.346673 1.571757 1.914585 3.174759 5.846665 11.431538 23.093628 47.540267
kr86	36	86	50      749.234	1	0
 1.000000 1.000000 1.000000 1.000000 1.000000 1.000000 1.000000 1.000000
 1.000000 1.000000 1.000000 1.000028 1.000597 1.003913 1.014421 1.038639
 1.085617 1.168538 1.307684 1.902775 3.438425 7.355872 17.236511 41.802517
