# Radius dens temp c12 ne22
800
 1.52823770e+06  1.16811120e+07  1.40274810e+08  3.31924760e-01  3.66671080e-03
 2.54215276e+06  1.16805278e+07  1.40276225e+08  3.31924760e-01  3.66671080e-03
 3.55606782e+06  1.16797385e+07  1.40278140e+08  3.31924760e-01  3.66671080e-03
 4.56998288e+06  1.16786949e+07  1.40280663e+08  3.31924760e-01  3.66671080e-03
 5.58389794e+06  1.16773766e+07  1.40283858e+08  3.31924760e-01  3.66671080e-03
 6.59781300e+06  1.16758041e+07  1.40287668e+08  3.31924760e-01  3.66671083e-03
 7.61172806e+06  1.16740416e+07  1.40291936e+08  3.31924760e-01  3.66671089e-03
 8.62564311e+06  1.16718632e+07  1.40297216e+08  3.31924760e-01  3.66671090e-03
 9.63955817e+06  1.16696435e+07  1.40302597e+08  3.31924760e-01  3.66671090e-03
 1.06534732e+07  1.16668864e+07  1.40309296e+08  3.31924760e-01  3.66671090e-03
 1.16673883e+07  1.16640915e+07  1.40316087e+08  3.31924760e-01  3.66671090e-03
 1.26813034e+07  1.16608758e+07  1.40323910e+08  3.31924760e-01  3.66671092e-03
 1.36952184e+07  1.16571341e+07  1.40333023e+08  3.31924760e-01  3.66671096e-03
 1.47091335e+07  1.16533611e+07  1.40342212e+08  3.31924760e-01  3.66671100e-03
 1.57230485e+07  1.16484048e+07  1.40354321e+08  3.31924760e-01  3.66671100e-03
 1.67369636e+07  1.16435820e+07  1.40366109e+08  3.31924760e-01  3.66671101e-03
 1.77508786e+07  1.16392293e+07  1.40376772e+08  3.31924760e-01  3.66671104e-03
 1.87647937e+07  1.16348766e+07  1.40387435e+08  3.31924760e-01  3.66671108e-03
 1.97787088e+07  1.16300923e+07  1.40399183e+08  3.31924760e-01  3.66671112e-03
 2.07926238e+07  1.16248421e+07  1.40412103e+08  3.31924760e-01  3.66671118e-03
 2.18065389e+07  1.16195919e+07  1.40425022e+08  3.31924760e-01  3.66671123e-03
 2.28204539e+07  1.16143417e+07  1.40437942e+08  3.31924760e-01  3.66671128e-03
 2.38343690e+07  1.16083806e+07  1.40452695e+08  3.31924760e-01  3.66671132e-03
 2.48482841e+07  1.16019302e+07  1.40468711e+08  3.31924760e-01  3.66671136e-03
 2.58621991e+07  1.15954797e+07  1.40484726e+08  3.31924760e-01  3.66671140e-03
 2.68761142e+07  1.15890292e+07  1.40500741e+08  3.31924760e-01  3.66671144e-03
 2.78900292e+07  1.15825788e+07  1.40516757e+08  3.31924760e-01  3.66671147e-03
 2.89039443e+07  1.15756050e+07  1.40534180e+08  3.31924760e-01  3.66671152e-03
 2.99178594e+07  1.15676058e+07  1.40554363e+08  3.31924760e-01  3.66671158e-03
 3.09317744e+07  1.15596067e+07  1.40574546e+08  3.31924760e-01  3.66671164e-03
 3.19456895e+07  1.15516076e+07  1.40594729e+08  3.31924760e-01  3.66671169e-03
 3.29596045e+07  1.15436085e+07  1.40614912e+08  3.31924760e-01  3.66671175e-03
 3.39735196e+07  1.15356094e+07  1.40635094e+08  3.31924760e-01  3.66671181e-03
 3.49874347e+07  1.15276102e+07  1.40655277e+08  3.31924760e-01  3.66671187e-03
 3.60013497e+07  1.15187353e+07  1.40678032e+08  3.31924760e-01  3.66671193e-03
 3.70152648e+07  1.15087831e+07  1.40703949e+08  3.31924760e-01  3.66671200e-03
 3.80291798e+07  1.14988308e+07  1.40729866e+08  3.31924760e-01  3.66671207e-03
 3.90430949e+07  1.14888786e+07  1.40755784e+08  3.31924760e-01  3.66671213e-03
 4.00570099e+07  1.14789263e+07  1.40781701e+08  3.31924760e-01  3.66671220e-03
 4.10709250e+07  1.14689741e+07  1.40807619e+08  3.31924760e-01  3.66671227e-03
 4.20848401e+07  1.14590218e+07  1.40833536e+08  3.31924760e-01  3.66671234e-03
 4.30987551e+07  1.14490696e+07  1.40859453e+08  3.31924760e-01  3.66671240e-03
 4.41126702e+07  1.14391173e+07  1.40885371e+08  3.31924760e-01  3.66671247e-03
 4.51265852e+07  1.14257645e+07  1.40921691e+08  3.31924760e-01  3.66671256e-03
 4.61405003e+07  1.14097164e+07  1.40966257e+08  3.31924760e-01  3.66671267e-03
 4.71544154e+07  1.13936683e+07  1.41010823e+08  3.31924760e-01  3.66671279e-03
 4.81683304e+07  1.13776202e+07  1.41055388e+08  3.31924760e-01  3.66671290e-03
 4.91822455e+07  1.13615721e+07  1.41099954e+08  3.31924760e-01  3.66671301e-03
 5.01961605e+07  1.13462520e+07  1.41142823e+08  3.31924760e-01  3.66671312e-03
 5.12100756e+07  1.13337417e+07  1.41179141e+08  3.31924760e-01  3.66671323e-03
 5.22239907e+07  1.13212315e+07  1.41215460e+08  3.31924760e-01  3.66671333e-03
 5.32379057e+07  1.13087213e+07  1.41251779e+08  3.31924760e-01  3.66671343e-03
 5.42518208e+07  1.12962111e+07  1.41288097e+08  3.31924760e-01  3.66671354e-03
 5.52657358e+07  1.12837008e+07  1.41324416e+08  3.31924760e-01  3.66671364e-03
 5.62796509e+07  1.12711906e+07  1.41360735e+08  3.31924760e-01  3.66671374e-03
 5.72935660e+07  1.12586804e+07  1.41397053e+08  3.31924760e-01  3.66671385e-03
 5.83074810e+07  1.12461702e+07  1.41433372e+08  3.31924760e-01  3.66671395e-03
 5.93213961e+07  1.12314582e+07  1.41477495e+08  3.31924760e-01  3.66671407e-03
 6.03353111e+07  1.12147703e+07  1.41528622e+08  3.31924760e-01  3.66671421e-03
 6.13492262e+07  1.11980823e+07  1.41579749e+08  3.31924760e-01  3.66671434e-03
 6.23631413e+07  1.11813944e+07  1.41630876e+08  3.31924760e-01  3.66671448e-03
 6.33770563e+07  1.11647065e+07  1.41682003e+08  3.31924760e-01  3.66671461e-03
 6.43909714e+07  1.11480185e+07  1.41733130e+08  3.31924760e-01  3.66671475e-03
 6.54048864e+07  1.11313306e+07  1.41784257e+08  3.31924760e-01  3.66671488e-03
 6.64188015e+07  1.11146426e+07  1.41835384e+08  3.31924760e-01  3.66671502e-03
 6.74327165e+07  1.10979547e+07  1.41886511e+08  3.31924760e-01  3.66671515e-03
 6.84466316e+07  1.10790809e+07  1.41942504e+08  3.31924759e-01  3.66671570e-03
 6.94605467e+07  1.10589456e+07  1.42001306e+08  3.31924758e-01  3.66671649e-03
 7.04744617e+07  1.10388104e+07  1.42060108e+08  3.31924757e-01  3.66671728e-03
 7.14883768e+07  1.10186751e+07  1.42118910e+08  3.31924755e-01  3.66671807e-03
 7.25022918e+07  1.09985398e+07  1.42177712e+08  3.31924754e-01  3.66671886e-03
 7.35162069e+07  1.09784045e+07  1.42236514e+08  3.31924753e-01  3.66671965e-03
 7.45301220e+07  1.09582692e+07  1.42295316e+08  3.31924751e-01  3.66672044e-03
 7.55440370e+07  1.09381339e+07  1.42354118e+08  3.31924750e-01  3.66672123e-03
 7.65579521e+07  1.09200363e+07  1.42403707e+08  3.31924749e-01  3.66672237e-03
 7.75718671e+07  1.09021460e+07  1.42452357e+08  3.31924747e-01  3.66672356e-03
 7.85857822e+07  1.08842557e+07  1.42501008e+08  3.31924745e-01  3.66672474e-03
 7.95996973e+07  1.08663654e+07  1.42549659e+08  3.31924744e-01  3.66672592e-03
 8.06136123e+07  1.08484751e+07  1.42598309e+08  3.31924742e-01  3.66672711e-03
 8.16275274e+07  1.08305849e+07  1.42646960e+08  3.31924741e-01  3.66672829e-03
 8.26414424e+07  1.08126946e+07  1.42695610e+08  3.31924739e-01  3.66672947e-03
 8.36553575e+07  1.07948043e+07  1.42744261e+08  3.31924737e-01  3.66673066e-03
 8.46692726e+07  1.07769140e+07  1.42792912e+08  3.31924736e-01  3.66673184e-03
 8.56831876e+07  1.07590237e+07  1.42841562e+08  3.31924734e-01  3.66673302e-03
 8.66971027e+07  1.07411335e+07  1.42890213e+08  3.31924733e-01  3.66673420e-03
 8.77110177e+07  1.07232432e+07  1.42938864e+08  3.31924731e-01  3.66673539e-03
 8.87249328e+07  1.07019750e+07  1.43002082e+08  3.31924730e-01  3.66673681e-03
 8.97388479e+07  1.06732973e+07  1.43097254e+08  3.31924728e-01  3.66673874e-03
 9.07527629e+07  1.06446197e+07  1.43192426e+08  3.31924727e-01  3.66674068e-03
 9.17666780e+07  1.06159420e+07  1.43287599e+08  3.31924726e-01  3.66674262e-03
 9.27805930e+07  1.05872644e+07  1.43382771e+08  3.31924725e-01  3.66674456e-03
 9.37945081e+07  1.05585867e+07  1.43477943e+08  3.31924723e-01  3.66674650e-03
 9.48084231e+07  1.05299091e+07  1.43573116e+08  3.31924722e-01  3.66674843e-03
 9.58223382e+07  1.05012314e+07  1.43668288e+08  3.31924721e-01  3.66675037e-03
 9.68362533e+07  1.04733919e+07  1.43761569e+08  3.31924719e-01  3.66675244e-03
 9.78501683e+07  1.04499383e+07  1.43844956e+08  3.31924715e-01  3.66675521e-03
 9.88640834e+07  1.04264846e+07  1.43928343e+08  3.31924711e-01  3.66675798e-03
 9.98779984e+07  1.04030309e+07  1.44011729e+08  3.31924707e-01  3.66676074e-03
 1.00891914e+08  1.03795773e+07  1.44095116e+08  3.31924703e-01  3.66676351e-03
 1.01905829e+08  1.03561236e+07  1.44178503e+08  3.31924699e-01  3.66676628e-03
 1.02919744e+08  1.03326699e+07  1.44261889e+08  3.31924695e-01  3.66676904e-03
 1.03933659e+08  1.03092163e+07  1.44345276e+08  3.31924691e-01  3.66677181e-03
 1.04947574e+08  1.02857626e+07  1.44428663e+08  3.31924687e-01  3.66677458e-03
 1.05961489e+08  1.02623089e+07  1.44512049e+08  3.31924683e-01  3.66677734e-03
 1.06975404e+08  1.02365200e+07  1.44620605e+08  3.31924679e-01  3.66678016e-03
 1.07989319e+08  1.02059557e+07  1.44780627e+08  3.31924676e-01  3.66678308e-03
 1.09003234e+08  1.01753915e+07  1.44940650e+08  3.31924674e-01  3.66678600e-03
 1.10017149e+08  1.01448273e+07  1.45100672e+08  3.31924671e-01  3.66678892e-03
 1.11031064e+08  1.01142630e+07  1.45260694e+08  3.31924669e-01  3.66679184e-03
 1.12044979e+08  1.00836988e+07  1.45420716e+08  3.31924666e-01  3.66679475e-03
 1.13058894e+08  1.00531346e+07  1.45580738e+08  3.31924663e-01  3.66679767e-03
 1.14072809e+08  1.00225703e+07  1.45740761e+08  3.31924661e-01  3.66680059e-03
 1.15086724e+08  9.99278964e+06  1.45785905e+08  3.31924658e-01  3.66680308e-03
 1.16100639e+08  9.96321467e+06  1.45800885e+08  3.31924655e-01  3.66680546e-03
 1.17114554e+08  9.93363970e+06  1.45815864e+08  3.31924652e-01  3.66680784e-03
 1.18128470e+08  9.90406472e+06  1.45830844e+08  3.31924649e-01  3.66681021e-03
 1.19142385e+08  9.87448975e+06  1.45845824e+08  3.31924646e-01  3.66681259e-03
 1.20156300e+08  9.84491478e+06  1.45860804e+08  3.31924643e-01  3.66681497e-03
 1.21170215e+08  9.81530277e+06  1.45878904e+08  3.31924640e-01  3.66681734e-03
 1.22184130e+08  9.78384216e+06  1.46052727e+08  3.31924638e-01  3.66681923e-03
 1.23198045e+08  9.75238154e+06  1.46226550e+08  3.31924637e-01  3.66682112e-03
 1.24211960e+08  9.72092093e+06  1.46400372e+08  3.31924635e-01  3.66682301e-03
 1.25225875e+08  9.68946031e+06  1.46574195e+08  3.31924633e-01  3.66682490e-03
 1.26239790e+08  9.65799970e+06  1.46748018e+08  3.31924631e-01  3.66682679e-03
 1.27253705e+08  9.62739837e+06  1.46910922e+08  3.31924629e-01  3.66682926e-03
 1.28267620e+08  9.60016660e+06  1.47031010e+08  3.31924623e-01  3.66683398e-03
 1.29281535e+08  9.57293483e+06  1.47151098e+08  3.31924618e-01  3.66683870e-03
 1.30295450e+08  9.54570305e+06  1.47271186e+08  3.31924612e-01  3.66684342e-03
 1.31309365e+08  9.51847128e+06  1.47391275e+08  3.31924607e-01  3.66684814e-03
 1.32323280e+08  9.49123951e+06  1.47511363e+08  3.31924602e-01  3.66685286e-03
 1.33337195e+08  9.46400773e+06  1.47631451e+08  3.31924596e-01  3.66685758e-03
 1.34351110e+08  9.43677596e+06  1.47751539e+08  3.31924591e-01  3.66686230e-03
 1.35365026e+08  9.40697558e+06  1.47891419e+08  3.31924587e-01  3.66686586e-03
 1.36378941e+08  9.37687222e+06  1.48033633e+08  3.31924583e-01  3.66686927e-03
 1.37392856e+08  9.34676885e+06  1.48175848e+08  3.31924579e-01  3.66687269e-03
 1.38406771e+08  9.31666548e+06  1.48318062e+08  3.31924575e-01  3.66687611e-03
 1.39420686e+08  9.28656212e+06  1.48460276e+08  3.31924571e-01  3.66687952e-03
 1.40434601e+08  9.25645875e+06  1.48602491e+08  3.31924567e-01  3.66688294e-03
 1.41448516e+08  9.22635539e+06  1.48744705e+08  3.31924563e-01  3.66688636e-03
 1.42462431e+08  9.19564796e+06  1.48891304e+08  3.31924559e-01  3.66688984e-03
 1.43476346e+08  9.16120793e+06  1.49064993e+08  3.31924553e-01  3.66689371e-03
 1.44490261e+08  9.12676791e+06  1.49238682e+08  3.31924547e-01  3.66689758e-03
 1.45504176e+08  9.09232789e+06  1.49412371e+08  3.31924541e-01  3.66690145e-03
 1.46518091e+08  9.05788786e+06  1.49586060e+08  3.31924535e-01  3.66690533e-03
 1.47532006e+08  9.02344784e+06  1.49759749e+08  3.31924529e-01  3.66690920e-03
 1.48545921e+08  8.98900782e+06  1.49933438e+08  3.31924522e-01  3.66691307e-03
 1.49559836e+08  8.95735918e+06  1.50098598e+08  3.31924516e-01  3.66691816e-03
 1.50573751e+08  8.92753500e+06  1.50258184e+08  3.31924510e-01  3.66692404e-03
 1.51587666e+08  8.89771082e+06  1.50417770e+08  3.31924503e-01  3.66692992e-03
 1.52601582e+08  8.86788664e+06  1.50577356e+08  3.31924497e-01  3.66693580e-03
 1.53615497e+08  8.83806246e+06  1.50736942e+08  3.31924491e-01  3.66694168e-03
 1.54629412e+08  8.80823827e+06  1.50896528e+08  3.31924484e-01  3.66694756e-03
 1.55643327e+08  8.77841409e+06  1.51056114e+08  3.31924478e-01  3.66695344e-03
 1.56657242e+08  8.74858991e+06  1.51215700e+08  3.31924471e-01  3.66695932e-03
 1.57671157e+08  8.70309358e+06  1.51482875e+08  3.31924466e-01  3.66696381e-03
 1.58685072e+08  8.65281357e+06  1.51782889e+08  3.31924460e-01  3.66696787e-03
 1.59698987e+08  8.60253357e+06  1.52082903e+08  3.31924455e-01  3.66697193e-03
 1.60712902e+08  8.55351428e+06  1.52381098e+08  3.31924449e-01  3.66697604e-03
 1.61726817e+08  8.52108660e+06  1.52655352e+08  3.31924442e-01  3.66698092e-03
 1.62740732e+08  8.48865893e+06  1.52929606e+08  3.31924434e-01  3.66698579e-03
 1.63754647e+08  8.45623125e+06  1.53203861e+08  3.31924426e-01  3.66699066e-03
 1.64768562e+08  8.42355207e+06  1.53435142e+08  3.31924418e-01  3.66699622e-03
 1.65782477e+08  8.38980965e+06  1.53484760e+08  3.31924407e-01  3.66700468e-03
 1.66796392e+08  8.35606723e+06  1.53534378e+08  3.31924397e-01  3.66701315e-03
 1.67810307e+08  8.32232482e+06  1.53583996e+08  3.31924386e-01  3.66702161e-03
 1.68824222e+08  8.28830407e+06  1.53784019e+08  3.31924372e-01  3.66703292e-03
 1.69838138e+08  8.25392003e+06  1.54180363e+08  3.31924352e-01  3.66704794e-03
 1.70852053e+08  8.21953599e+06  1.54576708e+08  3.31924333e-01  3.66706297e-03
 1.71865968e+08  8.18515195e+06  1.54973052e+08  3.31924313e-01  3.66707799e-03
 1.72879883e+08  8.15110442e+06  1.55077533e+08  3.31924305e-01  3.66708477e-03
 1.73893798e+08  8.11712117e+06  1.55126251e+08  3.31924299e-01  3.66708997e-03
 1.74907713e+08  8.08313793e+06  1.55174969e+08  3.31924294e-01  3.66709517e-03
 1.75921628e+08  8.04871168e+06  1.55326443e+08  3.31924287e-01  3.66710048e-03
 1.76935543e+08  8.01343201e+06  1.55675867e+08  3.31924277e-01  3.66710598e-03
 1.77949458e+08  7.97815234e+06  1.56025292e+08  3.31924268e-01  3.66711147e-03
 1.78963373e+08  7.94358883e+06  1.56360035e+08  3.31924259e-01  3.66711682e-03
 1.79977288e+08  7.91417296e+06  1.56589254e+08  3.31924252e-01  3.66712112e-03
 1.80991203e+08  7.88475709e+06  1.56818473e+08  3.31924246e-01  3.66712542e-03
 1.82005118e+08  7.85534122e+06  1.57047691e+08  3.31924239e-01  3.66712971e-03
 1.83019033e+08  7.82592535e+06  1.57276910e+08  3.31924232e-01  3.66713401e-03
 1.84032948e+08  7.79484191e+06  1.57529628e+08  3.31924216e-01  3.66714628e-03
 1.85046863e+08  7.76304151e+06  1.57792449e+08  3.31924197e-01  3.66716199e-03
 1.86060778e+08  7.73124111e+06  1.58055271e+08  3.31924177e-01  3.66717769e-03
 1.87074694e+08  7.69944071e+06  1.58318092e+08  3.31924157e-01  3.66719339e-03
 1.88088609e+08  7.66764030e+06  1.58580913e+08  3.31924138e-01  3.66720910e-03
 1.89102524e+08  7.63392289e+06  1.58865669e+08  3.31924124e-01  3.66721907e-03
 1.90116439e+08  7.59892059e+06  1.59165127e+08  3.31924113e-01  3.66722519e-03
 1.91130354e+08  7.56391829e+06  1.59464585e+08  3.31924103e-01  3.66723132e-03
 1.92144269e+08  7.52891600e+06  1.59764043e+08  3.31924093e-01  3.66723744e-03
 1.93158184e+08  7.49391370e+06  1.60063501e+08  3.31924082e-01  3.66724357e-03
 1.94172099e+08  7.45932240e+06  1.60329050e+08  3.31924067e-01  3.66725408e-03
 1.95186014e+08  7.42484509e+06  1.60585193e+08  3.31924050e-01  3.66726580e-03
 1.96199929e+08  7.39036779e+06  1.60841336e+08  3.31924032e-01  3.66727752e-03
 1.97213844e+08  7.35589049e+06  1.61097478e+08  3.31924015e-01  3.66728925e-03
 1.98227759e+08  7.32064741e+06  1.61376385e+08  3.31923997e-01  3.66730212e-03
 1.99241674e+08  7.27851142e+06  1.61860192e+08  3.31923965e-01  3.66732531e-03
 2.00255589e+08  7.23637542e+06  1.62343999e+08  3.31923933e-01  3.66734850e-03
 2.01269504e+08  7.19423943e+06  1.62827806e+08  3.31923902e-01  3.66737168e-03
 2.02283419e+08  7.15967237e+06  1.63001395e+08  3.31923882e-01  3.66738610e-03
 2.03297334e+08  7.12552408e+06  1.63157821e+08  3.31923862e-01  3.66740004e-03
 2.04311250e+08  7.09137578e+06  1.63314247e+08  3.31923843e-01  3.66741397e-03
 2.05325165e+08  7.05580798e+06  1.63851428e+08  3.31923828e-01  3.66742405e-03
 2.06339080e+08  7.01998426e+06  1.64457252e+08  3.31923814e-01  3.66743344e-03
 2.07352995e+08  6.98422737e+06  1.65044570e+08  3.31923800e-01  3.66744282e-03
 2.08366910e+08  6.95030306e+06  1.65124425e+08  3.31923789e-01  3.66745194e-03
 2.09380825e+08  6.91637876e+06  1.65204280e+08  3.31923778e-01  3.66746106e-03
 2.10394740e+08  6.88251182e+06  1.65427195e+08  3.31923758e-01  3.66747588e-03
 2.11408655e+08  6.84880684e+06  1.66054063e+08  3.31923712e-01  3.66750680e-03
 2.12422570e+08  6.81510187e+06  1.66680932e+08  3.31923666e-01  3.66753771e-03
 2.13436485e+08  6.78136521e+06  1.67090343e+08  3.31923626e-01  3.66756401e-03
 2.14450400e+08  6.74758782e+06  1.67220086e+08  3.31923594e-01  3.66758438e-03
 2.15464315e+08  6.71381042e+06  1.67349828e+08  3.31923561e-01  3.66760475e-03
 2.16478230e+08  6.68244496e+06  1.67686058e+08  3.31923535e-01  3.66762124e-03
 2.17492145e+08  6.65238317e+06  1.68133896e+08  3.31923513e-01  3.66763563e-03
 2.18506060e+08  6.62232138e+06  1.68581734e+08  3.31923491e-01  3.66765002e-03
 2.19519975e+08  6.59156776e+06  1.69047256e+08  3.31923468e-01  3.66766458e-03
 2.20533890e+08  6.55160471e+06  1.69748190e+08  3.31923445e-01  3.66768150e-03
 2.21547806e+08  6.51164166e+06  1.70449124e+08  3.31923422e-01  3.66769841e-03
 2.22561721e+08  6.47486638e+06  1.70838436e+08  3.31923393e-01  3.66771854e-03
 2.23575636e+08  6.44154135e+06  1.70890465e+08  3.31923358e-01  3.66774214e-03
 2.24589551e+08  6.40821632e+06  1.70942495e+08  3.31923323e-01  3.66776574e-03
 2.25603466e+08  6.37617894e+06  1.71574698e+08  3.31923275e-01  3.66779668e-03
 2.26617381e+08  6.34425801e+06  1.72259370e+08  3.31923225e-01  3.66782828e-03
 2.27631296e+08  6.31222770e+06  1.72909195e+08  3.31923176e-01  3.66785964e-03
 2.28645211e+08  6.27901940e+06  1.73183721e+08  3.31923130e-01  3.66788840e-03
 2.29659126e+08  6.24581109e+06  1.73458247e+08  3.31923083e-01  3.66791715e-03
 2.30673041e+08  6.21301158e+06  1.73808636e+08  3.31923040e-01  3.66794508e-03
 2.31686956e+08  6.18125406e+06  1.74352399e+08  3.31923004e-01  3.66797090e-03
 2.32700871e+08  6.14949654e+06  1.74896162e+08  3.31922968e-01  3.66799672e-03
 2.33714786e+08  6.11746344e+06  1.75406507e+08  3.31922929e-01  3.66802343e-03
 2.34728701e+08  6.08450802e+06  1.75805008e+08  3.31922883e-01  3.66805312e-03
 2.35742616e+08  6.05155261e+06  1.76203509e+08  3.31922837e-01  3.66808281e-03
 2.36756531e+08  6.01932764e+06  1.76619640e+08  3.31922790e-01  3.66811225e-03
 2.37770446e+08  5.98987295e+06  1.77102633e+08  3.31922742e-01  3.66814077e-03
 2.38784362e+08  5.96041826e+06  1.77585626e+08  3.31922695e-01  3.66816929e-03
 2.39798277e+08  5.93096357e+06  1.78068619e+08  3.31922647e-01  3.66819781e-03
 2.40812192e+08  5.90115470e+06  1.78570396e+08  3.31922598e-01  3.66822746e-03
 2.41826107e+08  5.87086695e+06  1.79097571e+08  3.31922545e-01  3.66825866e-03
 2.42840022e+08  5.84057920e+06  1.79624745e+08  3.31922493e-01  3.66828985e-03
 2.43853937e+08  5.81029146e+06  1.80151919e+08  3.31922440e-01  3.66832104e-03
 2.44867852e+08  5.77961178e+06  1.80686590e+08  3.31922387e-01  3.66835292e-03
 2.45881767e+08  5.74019128e+06  1.81388446e+08  3.31922310e-01  3.66839995e-03
 2.46895682e+08  5.70077079e+06  1.82090301e+08  3.31922234e-01  3.66844698e-03
 2.47909597e+08  5.66161923e+06  1.82783979e+08  3.31922158e-01  3.66849373e-03
 2.48923512e+08  5.62961925e+06  1.83260193e+08  3.31922094e-01  3.66853324e-03
 2.49937427e+08  5.59761926e+06  1.83736407e+08  3.31922030e-01  3.66857275e-03
 2.50951342e+08  5.56564494e+06  1.84218999e+08  3.31921966e-01  3.66861229e-03
 2.51965257e+08  5.53413804e+06  1.84817775e+08  3.31921897e-01  3.66865240e-03
 2.52979172e+08  5.50263114e+06  1.85416551e+08  3.31921828e-01  3.66869251e-03
 2.53993087e+08  5.47123837e+06  1.86014002e+08  3.31921758e-01  3.66873255e-03
 2.55007002e+08  5.44467727e+06  1.86555336e+08  3.31921693e-01  3.66876952e-03
 2.56020918e+08  5.41811618e+06  1.87096669e+08  3.31921628e-01  3.66880650e-03
 2.57034833e+08  5.39155508e+06  1.87638003e+08  3.31921563e-01  3.66884347e-03
 2.58048748e+08  5.36499399e+06  1.88179337e+08  3.31921498e-01  3.66888044e-03
 2.59062663e+08  5.33423797e+06  1.88818655e+08  3.31921415e-01  3.66892680e-03
 2.60076578e+08  5.30039899e+06  1.89529986e+08  3.31921320e-01  3.66898006e-03
 2.61090493e+08  5.26656000e+06  1.90241317e+08  3.31921225e-01  3.66903332e-03
 2.62104408e+08  5.23272101e+06  1.90952648e+08  3.31921130e-01  3.66908658e-03
 2.63118323e+08  5.20139597e+06  1.91634472e+08  3.31921036e-01  3.66913901e-03
 2.64132238e+08  5.17074181e+06  1.92308422e+08  3.31920942e-01  3.66919122e-03
 2.65146153e+08  5.14008765e+06  1.92982372e+08  3.31920848e-01  3.66924343e-03
 2.66160068e+08  5.10943348e+06  1.93656322e+08  3.31920754e-01  3.66929565e-03
 2.67173983e+08  5.07845823e+06  1.94372643e+08  3.31920648e-01  3.66935300e-03
 2.68187898e+08  5.04746713e+06  1.95091054e+08  3.31920540e-01  3.66941060e-03
 2.69201813e+08  5.01647603e+06  1.95809465e+08  3.31920433e-01  3.66946820e-03
 2.70215728e+08  4.98492560e+06  1.96550511e+08  3.31920317e-01  3.66952982e-03
 2.71229643e+08  4.95151317e+06  1.97366907e+08  3.31920173e-01  3.66960479e-03
 2.72243559e+08  4.91810074e+06  1.98183304e+08  3.31920030e-01  3.66967977e-03
 2.73257474e+08  4.88585566e+06  1.98975791e+08  3.31919890e-01  3.66975251e-03
 2.74271389e+08  4.85947657e+06  1.99648131e+08  3.31919768e-01  3.66981401e-03
 2.75285304e+08  4.83309749e+06  2.00320471e+08  3.31919647e-01  3.66987551e-03
 2.76299219e+08  4.80671841e+06  2.00992812e+08  3.31919525e-01  3.66993702e-03
 2.77313134e+08  4.77932986e+06  2.01697788e+08  3.31919397e-01  3.67000113e-03
 2.78327049e+08  4.74548772e+06  2.02611407e+08  3.31919227e-01  3.67008193e-03
 2.79340964e+08  4.71164559e+06  2.03525026e+08  3.31919057e-01  3.67016272e-03
 2.80354879e+08  4.67784542e+06  2.04438101e+08  3.31918887e-01  3.67024351e-03
 2.81368794e+08  4.64678410e+06  2.05315622e+08  3.31918711e-01  3.67032346e-03
 2.82382709e+08  4.61572278e+06  2.06193143e+08  3.31918535e-01  3.67040341e-03
 2.83396624e+08  4.58421092e+06  2.07187118e+08  3.31918353e-01  3.67048533e-03
 2.84410539e+08  4.55123997e+06  2.08558231e+08  3.31918154e-01  3.67057360e-03
 2.85424454e+08  4.51837414e+06  2.09899561e+08  3.31917956e-01  3.67066170e-03
 2.86438369e+08  4.49009174e+06  2.09942439e+08  3.31917761e-01  3.67074208e-03
 2.87452284e+08  4.46180933e+06  2.09985316e+08  3.31917566e-01  3.67082246e-03
 2.88466199e+08  4.43306882e+06  2.11325663e+08  3.31917364e-01  3.67090391e-03
 2.89480115e+08  4.40422284e+06  2.12964702e+08  3.31917159e-01  3.67098560e-03
 2.90494030e+08  4.37590899e+06  2.13778579e+08  3.31916919e-01  3.67107507e-03
 2.91507945e+08  4.34800402e+06  2.13958421e+08  3.31916651e-01  3.67117051e-03
 2.92521860e+08  4.32162927e+06  2.14396255e+08  3.31916384e-01  3.67126403e-03
 2.93535775e+08  4.29848939e+06  2.15379484e+08  3.31916117e-01  3.67135349e-03
 2.94549690e+08  4.27534952e+06  2.16362712e+08  3.31915849e-01  3.67144294e-03
 2.95563605e+08  4.25220964e+06  2.17345941e+08  3.31915582e-01  3.67153240e-03
 2.96577520e+08  4.22296764e+06  2.18406143e+08  3.31915158e-01  3.67166207e-03
 2.97591435e+08  4.19190013e+06  2.19489372e+08  3.31914688e-01  3.67180376e-03
 2.98605350e+08  4.16083262e+06  2.20572601e+08  3.31914218e-01  3.67194545e-03
 2.99619265e+08  4.13068426e+06  2.21654697e+08  3.31913676e-01  3.67209342e-03
 3.00633180e+08  4.10063946e+06  2.22736665e+08  3.31913127e-01  3.67224209e-03
 3.01647095e+08  4.07330196e+06  2.23748632e+08  3.31912548e-01  3.67238146e-03
 3.02661010e+08  4.04892115e+06  2.24684150e+08  3.31911937e-01  3.67251067e-03
 3.03674925e+08  4.02454033e+06  2.25619667e+08  3.31911325e-01  3.67263988e-03
 3.04688840e+08  3.99748649e+06  2.26726064e+08  3.31910565e-01  3.67279029e-03
 3.05702755e+08  3.96646265e+06  2.28086250e+08  3.31909582e-01  3.67297220e-03
 3.06716671e+08  3.93558233e+06  2.29422427e+08  3.31908595e-01  3.67315357e-03
 3.07730586e+08  3.90921809e+06  2.30003138e+08  3.31907448e-01  3.67331813e-03
 3.08744501e+08  3.88285384e+06  2.30583849e+08  3.31906302e-01  3.67348269e-03
 3.09758416e+08  3.85924242e+06  2.31460598e+08  3.31905126e-01  3.67363270e-03
 3.10772331e+08  3.83705904e+06  2.32490920e+08  3.31903936e-01  3.67377517e-03
 3.11786246e+08  3.81487567e+06  2.33521242e+08  3.31902746e-01  3.67391764e-03
 3.12800161e+08  3.79032727e+06  2.34647468e+08  3.31901310e-01  3.67407924e-03
 3.13814076e+08  3.74867238e+06  2.36467385e+08  3.31898098e-01  3.67437927e-03
 3.14827991e+08  3.71821598e+06  2.37794685e+08  3.31895481e-01  3.67460656e-03
 3.15841906e+08  3.69843539e+06  2.38652361e+08  3.31893431e-01  3.67476451e-03
 3.16855821e+08  3.67865481e+06  2.39510038e+08  3.31891381e-01  3.67492246e-03
 3.17869736e+08  3.65651781e+06  2.40484395e+08  3.31888282e-01  3.67510634e-03
 3.18883651e+08  3.63158972e+06  2.41596957e+08  3.31883940e-01  3.67532095e-03
 3.19897566e+08  3.60666162e+06  2.42709520e+08  3.31879598e-01  3.67553556e-03
 3.20911481e+08  3.58153374e+06  2.43840858e+08  3.31874785e-01  3.67575688e-03
 3.21925396e+08  3.55578992e+06  2.45030081e+08  3.31868516e-01  3.67599892e-03
 3.22939311e+08  3.53004610e+06  2.46219304e+08  3.31862248e-01  3.67624096e-03
 3.23953227e+08  3.50341740e+06  2.47457282e+08  3.31855051e-01  3.67649430e-03
 3.24967142e+08  3.47223824e+06  2.48945983e+08  3.31843083e-01  3.67680572e-03
 3.25981057e+08  3.44244362e+06  2.50371070e+08  3.31830987e-01  3.67710659e-03
 3.26994972e+08  3.42296616e+06  2.51322129e+08  3.31817950e-01  3.67732874e-03
 3.28008887e+08  3.40348870e+06  2.52273189e+08  3.31804912e-01  3.67755090e-03
 3.29022802e+08  3.38401124e+06  2.53224248e+08  3.31791875e-01  3.67777306e-03
 3.30036717e+08  3.36041464e+06  2.54431659e+08  3.31768386e-01  3.67806711e-03
 3.31050632e+08  3.33394703e+06  2.55817746e+08  3.31737614e-01  3.67841128e-03
 3.32064547e+08  3.30747942e+06  2.57203833e+08  3.31706841e-01  3.67875546e-03
 3.33078462e+08  3.28075880e+06  2.58692371e+08  3.31648753e-01  3.67910590e-03
 3.34092377e+08  3.25386649e+06  2.60250440e+08  3.31572128e-01  3.67946059e-03
 3.35106292e+08  3.22761243e+06  2.61666064e+08  3.31497049e-01  3.67982668e-03
 3.36120207e+08  3.20431413e+06  2.62422039e+08  3.31429132e-01  3.68024551e-03
 3.37134122e+08  3.18101583e+06  2.63178014e+08  3.31361216e-01  3.68066434e-03
 3.38148037e+08  3.15943798e+06  2.64323735e+08  3.31153087e-01  3.68111830e-03
 3.39161952e+08  3.13842672e+06  2.65597810e+08  3.30898782e-01  3.68158382e-03
 3.40175867e+08  3.11741546e+06  2.66871884e+08  3.30644477e-01  3.68204935e-03
 3.41189783e+08  3.08750904e+06  2.68614098e+08  3.33271507e-01  3.68345987e-03
 3.42203698e+08  3.05493101e+06  2.70487411e+08  3.36885973e-01  3.68514226e-03
 3.43217613e+08  3.03742780e+06  2.71479025e+08  3.36751763e-01  3.68511196e-03
 3.44231528e+08  3.01992458e+06  2.72470639e+08  3.36617553e-01  3.68508167e-03
 3.45245443e+08  3.00170280e+06  2.73505157e+08  3.36429290e-01  3.68503966e-03
 3.46259358e+08  2.97819732e+06  2.74855151e+08  3.35843570e-01  3.68491157e-03
 3.47273273e+08  2.95469183e+06  2.76205145e+08  3.35257851e-01  3.68478347e-03
 3.48287188e+08  2.93208202e+06  2.77512227e+08  3.34691947e-01  3.68466079e-03
 3.49301103e+08  2.91093596e+06  2.78749181e+08  3.34158427e-01  3.68454697e-03
 3.50315018e+08  2.88978989e+06  2.79986135e+08  3.33624907e-01  3.68443316e-03
 3.51328933e+08  2.86853638e+06  2.81238454e+08  3.33089907e-01  3.68431609e-03
 3.52342848e+08  2.84707963e+06  2.82519838e+08  3.32552107e-01  3.68419289e-03
 3.53356763e+08  2.82562289e+06  2.83801221e+08  3.32014307e-01  3.68406968e-03
 3.54370678e+08  2.80387466e+06  2.85105407e+08  3.31469862e-01  3.68394319e-03
 3.55384593e+08  2.78087829e+06  2.86507243e+08  3.30896962e-01  3.68380263e-03
 3.56398508e+08  2.75788191e+06  2.87909078e+08  3.30324062e-01  3.68366208e-03
 3.57412423e+08  2.73495106e+06  2.89316813e+08  3.29616639e-01  3.68349222e-03
 3.58426339e+08  2.71211409e+06  2.90732999e+08  3.28716482e-01  3.68328038e-03
 3.59440254e+08  2.68928269e+06  2.92148889e+08  3.27810552e-01  3.68306708e-03
 3.60454169e+08  2.66898928e+06  2.93429956e+08  3.24277843e-01  3.68219104e-03
 3.61468084e+08  2.64869586e+06  2.94711023e+08  3.20745134e-01  3.68131500e-03
 3.62481999e+08  2.62974075e+06  2.95913406e+08  3.18145835e-01  3.68066229e-03
 3.63495914e+08  2.61238538e+06  2.97021736e+08  3.16662279e-01  3.68027656e-03
 3.64509829e+08  2.59503001e+06  2.98130065e+08  3.15178723e-01  3.67989083e-03
 3.65523744e+08  2.57767463e+06  2.99238395e+08  3.13695167e-01  3.67950509e-03
 3.66537659e+08  2.55520972e+06  3.00696232e+08  3.12658161e-01  3.67921574e-03
 3.67551574e+08  2.53083393e+06  3.02284777e+08  3.11788158e-01  3.67896244e-03
 3.68565489e+08  2.50695737e+06  3.03841849e+08  3.10937970e-01  3.67871329e-03
 3.69579404e+08  2.48891508e+06  3.05031092e+08  3.10319365e-01  3.67851276e-03
 3.70593319e+08  2.47087279e+06  3.06220335e+08  3.09700759e-01  3.67831222e-03
 3.71607234e+08  2.45283051e+06  3.07409579e+08  3.09082153e-01  3.67811169e-03
 3.72621149e+08  2.43323604e+06  3.08717281e+08  3.08424227e-01  3.67788104e-03
 3.73635064e+08  2.41326698e+06  3.10053570e+08  3.07756810e-01  3.67764313e-03
 3.74648979e+08  2.39329793e+06  3.11389860e+08  3.07089394e-01  3.67740522e-03
 3.75662895e+08  2.36589109e+06  3.13244199e+08  3.06191503e-01  3.67706341e-03
 3.76676810e+08  2.33919397e+06  3.15061095e+08  3.05324732e-01  3.67672239e-03
 3.77690725e+08  2.32580803e+06  3.15985429e+08  3.04896765e-01  3.67654096e-03
 3.78704640e+08  2.31242210e+06  3.16909763e+08  3.04468797e-01  3.67635952e-03
 3.79718555e+08  2.29903617e+06  3.17834096e+08  3.04040829e-01  3.67617809e-03
 3.80732470e+08  2.27833753e+06  3.19622497e+08  3.03376210e-01  3.67592089e-03
 3.81746385e+08  2.25574061e+06  3.21635196e+08  3.02650161e-01  3.67564402e-03
 3.82760300e+08  2.23455327e+06  3.23155388e+08  3.01923635e-01  3.67531523e-03
 3.83774215e+08  2.21689926e+06  3.23441033e+08  3.01195916e-01  3.67485632e-03
 3.84788130e+08  2.19924524e+06  3.23726679e+08  3.00468196e-01  3.67439741e-03
 3.85802045e+08  2.18113140e+06  3.25081315e+08  2.99649478e-01  3.67376236e-03
 3.86815960e+08  2.16287188e+06  3.26774605e+08  2.98801931e-01  3.67307151e-03
 3.87829875e+08  2.14420014e+06  3.28428341e+08  2.98042050e-01  3.67237878e-03
 3.88843790e+08  2.12367038e+06  3.29903793e+08  2.97677301e-01  3.67167762e-03
 3.89857705e+08  2.10399163e+06  3.31312972e+08  2.97280858e-01  3.67105342e-03
 3.90871620e+08  2.08791355e+06  3.32441746e+08  2.96750309e-01  3.67075482e-03
 3.91885535e+08  2.07183548e+06  3.33570519e+08  2.96219761e-01  3.67045622e-03
 3.92899451e+08  2.05615502e+06  3.34671516e+08  2.95804681e-01  3.67013847e-03
 3.93913366e+08  2.04058875e+06  3.35764536e+08  2.95422761e-01  3.66981522e-03
 3.94927281e+08  2.02502248e+06  3.36857556e+08  2.95040842e-01  3.66949197e-03
 3.95941196e+08  2.00424387e+06  3.38319137e+08  2.94691361e-01  3.66904398e-03
 3.96955111e+08  1.98157959e+06  3.39914054e+08  2.94353617e-01  3.66855087e-03
 3.97969026e+08  1.95410724e+06  3.41838576e+08  2.97835912e-01  3.66781049e-03
 3.98982941e+08  1.92837513e+06  3.43378351e+08  4.42569629e-01  3.67763496e-03
 3.99996856e+08  1.91540477e+06  3.44241974e+08  4.60286972e-01  3.67868312e-03
 4.01010771e+08  1.90242298e+06  3.45105267e+08  4.76445795e-01  3.67959470e-03
 4.02024686e+08  1.88977847e+06  3.45959102e+08  4.82694597e-01  3.67984557e-03
 4.03038601e+08  1.87732121e+06  3.46808167e+08  4.82451025e-01  3.67967851e-03
 4.04052516e+08  1.86496076e+06  3.47649606e+08  4.82192502e-01  3.67950913e-03
 4.05066431e+08  1.85345194e+06  3.48423947e+08  4.81802441e-01  3.67931931e-03
 4.06080346e+08  1.84194312e+06  3.49198287e+08  4.81412380e-01  3.67912950e-03
 4.07094261e+08  1.83043431e+06  3.49972628e+08  4.81022319e-01  3.67893968e-03
 4.08108176e+08  1.81892549e+06  3.50746968e+08  4.80632258e-01  3.67874987e-03
 4.09122091e+08  1.80741668e+06  3.51521309e+08  4.80242198e-01  3.67856006e-03
 4.10136007e+08  1.78518422e+06  3.52983558e+08  4.79721916e-01  3.67816012e-03
 4.11149922e+08  1.76050570e+06  3.54602720e+08  4.79171931e-01  3.67771225e-03
 4.12163837e+08  1.73921009e+06  3.55992219e+08  4.78783722e-01  3.67703579e-03
 4.13177752e+08  1.72297158e+06  3.57038399e+08  4.78637353e-01  3.67601761e-03
 4.14191667e+08  1.70768455e+06  3.58019517e+08  4.78534847e-01  3.67536368e-03
 4.15205582e+08  1.69478929e+06  3.58837085e+08  4.78542600e-01  3.67562540e-03
 4.16219497e+08  1.68189403e+06  3.59654653e+08  4.78550354e-01  3.67588712e-03
 4.17233412e+08  1.66859522e+06  3.60490622e+08  4.78593510e-01  3.67607697e-03
 4.18247327e+08  1.65462371e+06  3.61357267e+08  4.78695681e-01  3.67614703e-03
 4.19261242e+08  1.64065220e+06  3.62223911e+08  4.78797852e-01  3.67621708e-03
 4.20275157e+08  1.62578019e+06  3.63141125e+08  4.78935290e-01  3.67611393e-03
 4.21289072e+08  1.60673760e+06  3.64292549e+08  4.79236063e-01  3.67520856e-03
 4.22302987e+08  1.58996226e+06  3.65303691e+08  4.79517259e-01  3.67450491e-03
 4.23316902e+08  1.57994991e+06  3.65896392e+08  4.79740059e-01  3.67440300e-03
 4.24330817e+08  1.56993756e+06  3.66489092e+08  4.79962859e-01  3.67430108e-03
 4.25344732e+08  1.55992520e+06  3.67081793e+08  4.80185659e-01  3.67419917e-03
 4.26358648e+08  1.54991285e+06  3.67674493e+08  4.80408459e-01  3.67409726e-03
 4.27372563e+08  1.53363896e+06  3.68605743e+08  4.80840071e-01  3.67410940e-03
 4.28386478e+08  1.51485582e+06  3.69672663e+08  4.81355363e-01  3.67416725e-03
 4.29400393e+08  1.49662581e+06  3.70705248e+08  4.81862204e-01  3.67424903e-03
 4.30414308e+08  1.48241585e+06  3.71488281e+08  4.82307626e-01  3.67450475e-03
 4.31428223e+08  1.46820589e+06  3.72271315e+08  4.82753048e-01  3.67476048e-03
 4.32442138e+08  1.45395123e+06  3.73039442e+08  4.83225031e-01  3.67516802e-03
 4.33456053e+08  1.43968655e+06  3.73804228e+08  4.83702967e-01  3.67560958e-03
 4.34469968e+08  1.42800874e+06  3.74417243e+08  4.84112429e-01  3.67596853e-03
 4.35483883e+08  1.41678896e+06  3.75003386e+08  4.84509767e-01  3.67631286e-03
 4.36497798e+08  1.40504101e+06  3.75612612e+08  4.84928017e-01  3.67664907e-03
 4.37511713e+08  1.39082430e+06  3.76329731e+08  4.85444010e-01  3.67694738e-03
 4.38525628e+08  1.37655030e+06  3.77049132e+08  4.85962701e-01  3.67724487e-03
 4.39539543e+08  1.35992119e+06  3.77862331e+08  4.86592268e-01  3.67750902e-03
 4.40553458e+08  1.34645641e+06  3.78511825e+08  4.87101683e-01  3.67758000e-03
 4.41567373e+08  1.33570601e+06  3.79022859e+08  4.87508036e-01  3.67757028e-03
 4.42581288e+08  1.32700261e+06  3.79430591e+08  4.87836674e-01  3.67754773e-03
 4.43595204e+08  1.31829920e+06  3.79838323e+08  4.88165311e-01  3.67752518e-03
 4.44609119e+08  1.30711956e+06  3.80348750e+08  4.88591197e-01  3.67743077e-03
 4.45623034e+08  1.29219400e+06  3.81014529e+08  4.89164196e-01  3.67722765e-03
 4.46636949e+08  1.27784221e+06  3.81646375e+08  4.89714163e-01  3.67682287e-03
 4.47650864e+08  1.26444274e+06  3.82221902e+08  4.90225903e-01  3.67608339e-03
 4.48664779e+08  1.25489967e+06  3.82622280e+08  4.90584944e-01  3.67594953e-03
 4.49678694e+08  1.24632386e+06  3.82978727e+08  4.90905686e-01  3.67596758e-03
 4.50692609e+08  1.23774805e+06  3.83335175e+08  4.91226427e-01  3.67598562e-03
 4.51706524e+08  1.22482537e+06  3.83848454e+08  4.91711405e-01  3.67601442e-03
 4.52720439e+08  1.20822148e+06  3.84494547e+08  4.92335468e-01  3.67605233e-03
 4.53734354e+08  1.19827204e+06  3.84869660e+08  4.92706931e-01  3.67471702e-03
 4.54748269e+08  1.18942066e+06  3.85200057e+08  4.93036712e-01  3.67315511e-03
 4.55762184e+08  1.18042919e+06  3.85534930e+08  4.93371365e-01  3.67163799e-03
 4.56776099e+08  1.16400771e+06  3.86107131e+08  4.93964389e-01  3.67249645e-03
 4.57790014e+08  1.15299492e+06  3.86484328e+08  4.94360724e-01  3.67247174e-03
 4.58803929e+08  1.14547660e+06  3.86735535e+08  4.94629980e-01  3.67187641e-03
 4.59817844e+08  1.13795828e+06  3.86986742e+08  4.94899236e-01  3.67128109e-03
 4.60831760e+08  1.12966642e+06  3.87258775e+08  4.95194982e-01  3.67066197e-03
 4.61845675e+08  1.11461603e+06  3.87712766e+08  4.95722163e-01  3.66983501e-03
 4.62859590e+08  1.10008535e+06  3.88145455e+08  4.96230040e-01  3.66902739e-03
 4.63873505e+08  1.08727165e+06  3.88507764e+08  4.96674141e-01  3.66828365e-03
 4.64887420e+08  1.07385989e+06  3.88868005e+08  4.97122342e-01  3.66705426e-03
 4.65901335e+08  1.06353189e+06  3.89134279e+08  4.97474569e-01  3.66584839e-03
 4.66915250e+08  1.05589155e+06  3.89324259e+08  4.97737534e-01  3.66707966e-03
 4.67929165e+08  1.04746472e+06  3.89528522e+08  4.98024575e-01  3.66628114e-03
 4.68943080e+08  1.03999134e+06  3.89699113e+08  4.98271654e-01  3.66564134e-03
 4.69956995e+08  1.03255625e+06  3.89868351e+08  4.98517127e-01  3.66500791e-03
 4.70970910e+08  1.02483962e+06  3.90037046e+08  4.98772942e-01  3.66439004e-03
 4.71984825e+08  1.01641818e+06  3.90204381e+08  4.99054647e-01  3.66381111e-03
 4.72998740e+08  1.00799674e+06  3.90371716e+08  4.99336352e-01  3.66323218e-03
 4.74012655e+08  9.99575307e+05  3.90539051e+08  4.99618057e-01  3.66265325e-03
 4.75026570e+08  9.87933317e+05  3.90733459e+08  5.00009773e-01  3.66180704e-03
 4.76040485e+08  9.75088283e+05  3.90937981e+08  5.00442582e-01  3.66086100e-03
 4.77054400e+08  9.64698137e+05  3.91088245e+08  5.00790943e-01  3.66006944e-03
 4.78068316e+08  9.55421985e+05  3.91213889e+08  5.01100981e-01  3.65934798e-03
 4.79082231e+08  9.47914373e+05  3.91304587e+08  5.01357578e-01  3.65874443e-03
 4.80096146e+08  9.41204039e+05  3.91379531e+08  5.01590082e-01  3.65819403e-03
 4.81110061e+08  9.34493706e+05  3.91454476e+08  5.01822586e-01  3.65764363e-03
 4.82123976e+08  9.27783372e+05  3.91529420e+08  5.02055091e-01  3.65709323e-03
 4.83137891e+08  9.18417831e+05  3.91600361e+08  5.02384902e-01  3.65628541e-03
 4.84151806e+08  9.07482128e+05  3.91668935e+08  5.02772257e-01  3.65532537e-03
 4.85165721e+08  8.96546425e+05  3.91737509e+08  5.03159611e-01  3.65436532e-03
 4.86179636e+08  8.85815762e+05  3.91770871e+08  5.03549211e-01  3.65337596e-03
 4.87193551e+08  8.75178045e+05  3.91797921e+08  5.03937108e-01  3.65239129e-03
 4.88207466e+08  8.65003704e+05  3.91803475e+08  5.04313710e-01  3.65144863e-03
 4.89221381e+08  8.58691423e+05  3.91798382e+08  5.04550949e-01  3.65082602e-03
 4.90235296e+08  8.52859763e+05  3.91791963e+08  5.04770845e-01  3.65024325e-03
 4.91249211e+08  8.47028103e+05  3.91785545e+08  5.04990740e-01  3.64966048e-03
 4.92263126e+08  8.36592858e+05  3.91734998e+08  5.05394294e-01  3.64853982e-03
 4.93277041e+08  8.25579473e+05  3.91674538e+08  5.05822810e-01  3.64734943e-03
 4.94290956e+08  8.16499415e+05  3.91605964e+08  5.06185764e-01  3.64637166e-03
 4.95304872e+08  8.09769607e+05  3.91545814e+08  5.06459226e-01  3.64563702e-03
 4.96318787e+08  8.03568515e+05  3.91487561e+08  5.06712557e-01  3.64495706e-03
 4.97332702e+08  7.95947214e+05  3.91400561e+08  5.07030015e-01  3.64409907e-03
 4.98346617e+08  7.87068109e+05  3.91288104e+08  5.07404270e-01  3.64308339e-03
 4.99360532e+08  7.80100428e+05  3.91187322e+08  5.07702092e-01  3.64225831e-03
 5.00374447e+08  7.73691960e+05  3.91089955e+08  5.07977553e-01  3.64148899e-03
 5.01388362e+08  7.66613824e+05  3.90974269e+08  5.08286403e-01  3.64063001e-03
 5.02402277e+08  7.57305092e+05  3.90797566e+08  5.08706470e-01  3.63947242e-03
 5.03416192e+08  7.48777917e+05  3.90624917e+08  5.09098311e-01  3.63839461e-03
 5.04430107e+08  7.40919649e+05  3.90454582e+08  5.09466546e-01  3.63738351e-03
 5.05444022e+08  7.33131425e+05  3.90269523e+08  5.09839459e-01  3.63635938e-03
 5.06457937e+08  7.26768858e+05  3.90108993e+08  5.10154776e-01  3.63550798e-03
 5.07471852e+08  7.20759121e+05  3.89954532e+08  5.10455840e-01  3.63469934e-03
 5.08485767e+08  7.13375673e+05  3.89744056e+08  5.10837176e-01  3.63369646e-03
 5.09499682e+08  7.06360606e+05  3.89538545e+08  5.11206210e-01  3.63272775e-03
 5.10513597e+08  7.00355202e+05  3.89351085e+08  5.11537450e-01  3.63186066e-03
 5.11527512e+08  6.94368611e+05  3.89162751e+08  5.11869127e-01  3.63099547e-03
 5.12541428e+08  6.88628289e+05  3.88962969e+08  5.12206525e-01  3.63015530e-03
 5.13555343e+08  6.82887967e+05  3.88763188e+08  5.12543922e-01  3.62931512e-03
 5.14569258e+08  6.77147645e+05  3.88563407e+08  5.12881320e-01  3.62847495e-03
 5.15583173e+08  6.69190579e+05  3.88247838e+08  5.13393790e-01  3.62726477e-03
 5.16597088e+08  6.60887448e+05  3.87914193e+08  5.13933591e-01  3.62599683e-03
 5.17611003e+08  6.55218812e+05  3.87674171e+08  5.14324107e-01  3.62510516e-03
 5.18624918e+08  6.50431455e+05  3.87465468e+08  5.14664685e-01  3.62433937e-03
 5.19638833e+08  6.45644099e+05  3.87256765e+08  5.15005263e-01  3.62357358e-03
 5.20652748e+08  6.40856742e+05  3.87048062e+08  5.15345841e-01  3.62280778e-03
 5.21666663e+08  6.34591190e+05  3.86748391e+08  5.15816382e-01  3.62177118e-03
 5.22680578e+08  6.26185055e+05  3.86316989e+08  5.16475124e-01  3.62034242e-03
 5.23694493e+08  6.17778920e+05  3.85885586e+08  5.17133865e-01  3.61891365e-03
 5.24708408e+08  6.11428875e+05  3.85537135e+08  5.17658384e-01  3.61778215e-03
 5.25722323e+08  6.05446533e+05  3.85203519e+08  5.18158899e-01  3.61670381e-03
 5.26736238e+08  5.99499634e+05  3.84866043e+08  5.18659299e-01  3.61562026e-03
 5.27750153e+08  5.93686458e+05  3.84514004e+08  5.19159266e-01  3.61451702e-03
 5.28764068e+08  5.87873282e+05  3.84161965e+08  5.19659232e-01  3.61341377e-03
 5.29777984e+08  5.82512356e+05  3.83826069e+08  5.20122074e-01  3.61236754e-03
 5.30791899e+08  5.77673927e+05  3.83508824e+08  5.20542027e-01  3.61138716e-03
 5.31805814e+08  5.72835497e+05  3.83191579e+08  5.20961979e-01  3.61040678e-03
 5.32819729e+08  5.67997067e+05  3.82874334e+08  5.21381932e-01  3.60942640e-03
 5.33833644e+08  5.62283720e+05  3.82476929e+08  5.21872978e-01  3.60822477e-03
 5.34847559e+08  5.55323588e+05  3.81965294e+08  5.22465337e-01  3.60670783e-03
 5.35861474e+08  5.48363455e+05  3.81453659e+08  5.23057695e-01  3.60519089e-03
 5.36875389e+08  5.42488650e+05  3.81002232e+08  5.23542897e-01  3.60386167e-03
 5.37889304e+08  5.37087511e+05  3.80577081e+08  5.23981333e-01  3.60261439e-03
 5.38903219e+08  5.31686372e+05  3.80151929e+08  5.24419769e-01  3.60136710e-03
 5.39917134e+08  5.27132025e+05  3.79770420e+08  5.24772238e-01  3.60025045e-03
 5.40931049e+08  5.22625596e+05  3.79391379e+08  5.25119842e-01  3.59914120e-03
 5.41944964e+08  5.18119166e+05  3.79012339e+08  5.25467447e-01  3.59803195e-03
 5.42958879e+08  5.13550151e+05  3.78625825e+08  5.25819346e-01  3.59690233e-03
 5.43972794e+08  5.07677287e+05  3.78083590e+08  5.26260732e-01  3.59534838e-03
 5.44986709e+08  5.01804423e+05  3.77541355e+08  5.26702117e-01  3.59379444e-03
 5.46000624e+08  4.95930717e+05  3.76997866e+08  5.27143810e-01  3.59223682e-03
 5.47014540e+08  4.90031072e+05  3.76415719e+08  5.27594993e-01  3.59056584e-03
 5.48028455e+08  4.84131426e+05  3.75833572e+08  5.28046175e-01  3.58889485e-03
 5.49042370e+08  4.78863038e+05  3.75293836e+08  5.28453050e-01  3.58732586e-03
 5.50056285e+08  4.73723059e+05  3.74762727e+08  5.28850911e-01  3.58577762e-03
 5.51070200e+08  4.67991172e+05  3.74148820e+08  5.29318633e-01  3.58398352e-03
 5.52084115e+08  4.63236267e+05  3.73632099e+08  5.29708205e-01  3.58245468e-03
 5.53098030e+08  4.59701760e+05  3.73241598e+08  5.29995618e-01  3.58127437e-03
 5.54111945e+08  4.56167253e+05  3.72851097e+08  5.30283032e-01  3.58009406e-03
 5.55125860e+08  4.51748682e+05  3.72341018e+08  5.30642479e-01  3.57853524e-03
 5.56139775e+08  4.46991669e+05  3.71785161e+08  5.31029502e-01  3.57683153e-03
 5.57153690e+08  4.42130197e+05  3.71212251e+08  5.31421512e-01  3.57506629e-03
 5.58167605e+08  4.36669168e+05  3.70541460e+08  5.31842145e-01  3.57294793e-03
 5.59181520e+08  4.31667144e+05  3.69921299e+08  5.32216242e-01  3.57097193e-03
 5.60195435e+08  4.27537669e+05  3.69397384e+08  5.32501878e-01  3.56926652e-03
 5.61209350e+08  4.23572422e+05  3.68889721e+08  5.32766305e-01  3.56759440e-03
 5.62223265e+08  4.20042326e+05  3.68425122e+08  5.32974536e-01  3.56601042e-03
 5.63237180e+08  4.16512230e+05  3.67960523e+08  5.33182767e-01  3.56442645e-03
 5.64251096e+08  4.12976632e+05  3.67494913e+08  5.33390815e-01  3.56283845e-03
 5.65265011e+08  4.08801947e+05  3.66911869e+08  5.33577610e-01  3.56078288e-03
 5.66278926e+08  4.04627262e+05  3.66328825e+08  5.33764405e-01  3.55872731e-03
 5.67292841e+08  4.00452578e+05  3.65745781e+08  5.33951200e-01  3.55667175e-03
 5.68306756e+08  3.95250778e+05  3.64985948e+08  5.34136474e-01  3.55393365e-03
 5.69320671e+08  3.89615915e+05  3.64151577e+08  5.34321108e-01  3.55090779e-03
 5.70334586e+08  3.85839230e+05  3.63580378e+08  5.34416671e-01  3.54877307e-03
 5.71348501e+08  3.82456579e+05  3.63064987e+08  5.34493347e-01  3.54682733e-03
 5.72362416e+08  3.78771455e+05  3.62498318e+08  5.34572911e-01  3.54468421e-03
 5.73376331e+08  3.72868534e+05  3.61555674e+08  5.34673656e-01  3.54109394e-03
 5.74390246e+08  3.69272138e+05  3.60974595e+08  5.34722211e-01  3.53883610e-03
 5.75404161e+08  3.66325544e+05  3.60495379e+08  5.34756063e-01  3.53695364e-03
 5.76418076e+08  3.63053456e+05  3.59955408e+08  5.34788789e-01  3.53482559e-03
 5.77431991e+08  3.58918776e+05  3.59254434e+08  5.34818536e-01  3.53204673e-03
 5.78445906e+08  3.54954470e+05  3.58579274e+08  5.34843971e-01  3.52936018e-03
 5.79459821e+08  3.51761348e+05  3.58020963e+08  5.34849892e-01  3.52709149e-03
 5.80473737e+08  3.48568227e+05  3.57462652e+08  5.34855813e-01  3.52482280e-03
 5.81487652e+08  3.44808987e+05  3.56792006e+08  5.34856761e-01  3.52208832e-03
 5.82501567e+08  3.39925910e+05  3.55898356e+08  5.34847837e-01  3.51842915e-03
 5.83515482e+08  3.36260677e+05  3.55218955e+08  5.34831853e-01  3.51560825e-03
 5.84529397e+08  3.33180735e+05  3.54642523e+08  5.34812475e-01  3.51319021e-03
 5.85543312e+08  3.29722227e+05  3.53983799e+08  5.34784403e-01  3.51041289e-03
 5.86557227e+08  3.25804115e+05  3.53225167e+08  5.34745773e-01  3.50719937e-03
 5.87571142e+08  3.22702045e+05  3.52615862e+08  5.34706617e-01  3.50458164e-03
 5.88585057e+08  3.19962978e+05  3.52072983e+08  5.34667227e-01  3.50222892e-03
 5.89598972e+08  3.17223912e+05  3.51530105e+08  5.34627837e-01  3.49987620e-03
 5.90612887e+08  3.14094795e+05  3.50887301e+08  5.34568139e-01  3.49705535e-03
 5.91626802e+08  3.10886355e+05  3.50224176e+08  5.34504312e-01  3.49413929e-03
 5.92640717e+08  3.07677915e+05  3.49561051e+08  5.34440485e-01  3.49122324e-03
 5.93654632e+08  3.03670420e+05  3.48701715e+08  5.34339591e-01  3.48740670e-03
 5.94668547e+08  2.99447274e+05  3.47789424e+08  5.34228694e-01  3.48334714e-03
 5.95682462e+08  2.96139953e+05  3.47059429e+08  5.34122472e-01  3.48004554e-03
 5.96696377e+08  2.92937171e+05  3.46348861e+08  5.34015542e-01  3.47682198e-03
 5.97710293e+08  2.89858469e+05  3.45650605e+08  5.33898103e-01  3.47362512e-03
 5.98724208e+08  2.86995931e+05  3.44998372e+08  5.33785019e-01  3.47062713e-03
 5.99738123e+08  2.84739953e+05  3.44475280e+08  5.33684154e-01  3.46818720e-03
 6.00752038e+08  2.82483976e+05  3.43952188e+08  5.33583290e-01  3.46574727e-03
 6.01765953e+08  2.80227998e+05  3.43429097e+08  5.33482426e-01  3.46330734e-03
 6.02779868e+08  2.77151919e+05  3.42690883e+08  5.33336813e-01  3.45987058e-03
 6.03793783e+08  2.73215971e+05  3.41727118e+08  5.33144283e-01  3.45538865e-03
 6.04807698e+08  2.69424441e+05  3.40793544e+08  5.32956566e-01  3.45103552e-03
 6.05821613e+08  2.66127717e+05  3.39963418e+08  5.32785342e-01  3.44712369e-03
 6.06835528e+08  2.63227020e+05  3.39226831e+08  5.32636437e-01  3.44363891e-03
 6.07849443e+08  2.60769809e+05  3.38594995e+08  5.32512527e-01  3.44063235e-03
 6.08863358e+08  2.58257245e+05  3.37946412e+08  5.32385386e-01  3.43754444e-03
 6.09877273e+08  2.55256725e+05  3.37150209e+08  5.32229775e-01  3.43373937e-03
 6.10891188e+08  2.52306276e+05  3.36366164e+08  5.32076769e-01  3.42999010e-03
 6.11905103e+08  2.49971937e+05  3.35731724e+08  5.31955813e-01  3.42692734e-03
 6.12919018e+08  2.47637599e+05  3.35097284e+08  5.31834857e-01  3.42386459e-03
 6.13932933e+08  2.45136612e+05  3.34409200e+08  5.31701068e-01  3.42053821e-03
 6.14946849e+08  2.42211297e+05  3.33584525e+08  5.31534599e-01  3.41654057e-03
 6.15960764e+08  2.39285982e+05  3.32759850e+08  5.31368131e-01  3.41254293e-03
 6.16974679e+08  2.35947871e+05  3.31791681e+08  5.31160623e-01  3.40783273e-03
 6.17988594e+08  2.33271767e+05  3.31010124e+08  5.30985341e-01  3.40401470e-03
 6.19002509e+08  2.31174162e+05  3.30392034e+08  5.30838525e-01  3.40097857e-03
 6.20016424e+08  2.28878379e+05  3.29708163e+08  5.30674408e-01  3.39762637e-03
 6.21030339e+08  2.26157743e+05  3.28883273e+08  5.30473199e-01  3.39359659e-03
 6.22044254e+08  2.23665145e+05  3.28121068e+08  5.30288074e-01  3.38987684e-03
 6.23058169e+08  2.21456826e+05  3.27437009e+08  5.30122999e-01  3.38654359e-03
 6.24072084e+08  2.19236393e+05  3.26746556e+08  5.29959177e-01  3.38318573e-03
 6.25085999e+08  2.16935129e+05  3.26013448e+08  5.29803713e-01  3.37966365e-03
 6.26099914e+08  2.14633866e+05  3.25280340e+08  5.29648249e-01  3.37614156e-03
 6.27113829e+08  2.11652900e+05  3.24308883e+08  5.29461804e-01  3.37152785e-03
 6.28127744e+08  2.08719419e+05  3.23341833e+08  5.29288514e-01  3.36695913e-03
 6.29141659e+08  2.06767162e+05  3.22691575e+08  5.29184439e-01  3.36389662e-03
 6.30155574e+08  2.04877360e+05  3.22056783e+08  5.29091625e-01  3.36091976e-03
 6.31169489e+08  2.03075543e+05  3.21443780e+08  5.29014676e-01  3.35806356e-03
 6.32183405e+08  2.01273726e+05  3.20830776e+08  5.28937727e-01  3.35520736e-03
 6.33197320e+08  1.99327482e+05  3.20160347e+08  5.28861471e-01  3.35210066e-03
 6.34211235e+08  1.96966124e+05  3.19324866e+08  5.28787207e-01  3.34827395e-03
 6.35225150e+08  1.94604767e+05  3.18489384e+08  5.28712944e-01  3.34444724e-03
 6.36239065e+08  1.92192572e+05  3.17621187e+08  5.28649696e-01  3.34049324e-03
 6.37252980e+08  1.89733987e+05  3.16723137e+08  5.28596501e-01  3.33642308e-03
 6.38266895e+08  1.87081688e+05  3.15743124e+08  5.28538370e-01  3.33198411e-03
 6.39280810e+08  1.84527211e+05  3.14785551e+08  5.28483263e-01  3.32765150e-03
 6.40294725e+08  1.83062477e+05  3.14231902e+08  5.28457529e-01  3.32515255e-03
 6.41308640e+08  1.81597743e+05  3.13678253e+08  5.28431794e-01  3.32265360e-03
 6.42322555e+08  1.79843325e+05  3.13001956e+08  5.28397318e-01  3.31962139e-03
 6.43336470e+08  1.77784128e+05  3.12196619e+08  5.28353646e-01  3.31602814e-03
 6.44350385e+08  1.75724932e+05  3.11391283e+08  5.28309974e-01  3.31243489e-03
 6.45364300e+08  1.73722373e+05  3.10587863e+08  5.28253378e-01  3.30888156e-03
 6.46378215e+08  1.71729086e+05  3.09784758e+08  5.28194668e-01  3.30533478e-03
 6.47392130e+08  1.69900797e+05  3.09043023e+08  5.28138954e-01  3.30207707e-03
 6.48406045e+08  1.68410137e+05  3.08426868e+08  5.28089374e-01  3.29941089e-03
 6.49419961e+08  1.66919477e+05  3.07810713e+08  5.28039794e-01  3.29674471e-03
 6.50433876e+08  1.65428817e+05  3.07194558e+08  5.27990214e-01  3.29407853e-03
 6.51447791e+08  1.63938157e+05  3.06578403e+08  5.27940634e-01  3.29141235e-03
 6.52461706e+08  1.61167130e+05  3.05370477e+08  5.27877175e-01  3.28643874e-03
 6.53475621e+08  1.58254592e+05  3.04097146e+08  5.27812181e-01  3.28121011e-03
 6.54489536e+08  1.56293431e+05  3.03226661e+08  5.27806142e-01  3.27773836e-03
 6.55503451e+08  1.54481467e+05  3.02419350e+08  5.27809348e-01  3.27454214e-03
 6.56517366e+08  1.52654552e+05  3.01589300e+08  5.27836951e-01  3.27133548e-03
 6.57531281e+08  1.50831711e+05  3.00758008e+08  5.27869162e-01  3.26813946e-03
 6.58545196e+08  1.49097630e+05  2.99952290e+08  5.27922144e-01  3.26512007e-03
 6.59559111e+08  1.47417167e+05  2.99167710e+08  5.27974312e-01  3.26219267e-03
 6.60573026e+08  1.45879057e+05  2.98439250e+08  5.28024317e-01  3.25950949e-03
 6.61586941e+08  1.44341281e+05  2.97709169e+08  5.28075797e-01  3.25682989e-03
 6.62600856e+08  1.42806485e+05  2.96964670e+08  5.28140397e-01  3.25418219e-03
 6.63614771e+08  1.41271688e+05  2.96220171e+08  5.28204997e-01  3.25153449e-03
 6.64628686e+08  1.39636446e+05  2.95413055e+08  5.28281424e-01  3.24872771e-03
 6.65642601e+08  1.37927350e+05  2.94559898e+08  5.28366546e-01  3.24580396e-03
 6.66656517e+08  1.36105619e+05  2.93641870e+08  5.28459293e-01  3.24269462e-03
 6.67670432e+08  1.34051613e+05  2.92590066e+08  5.28567765e-01  3.23920255e-03
 6.68684347e+08  1.32811031e+05  2.91948138e+08  5.28641253e-01  3.23713390e-03
 6.69698262e+08  1.31635789e+05  2.91339135e+08  5.28711931e-01  3.23517959e-03
 6.70712177e+08  1.30340882e+05  2.90661360e+08  5.28790857e-01  3.23303271e-03
 6.71726092e+08  1.28664565e+05  2.89764382e+08  5.28896075e-01  3.23027201e-03
 6.72740007e+08  1.26979370e+05  2.88861727e+08  5.29002838e-01  3.22749987e-03
 6.73753922e+08  1.25060619e+05  2.87809698e+08  5.29150249e-01  3.22442663e-03
 6.74767837e+08  1.23723756e+05  2.87072715e+08  5.29260719e-01  3.22231765e-03
 6.75781752e+08  1.22689849e+05  2.86499758e+08  5.29351957e-01  3.22071072e-03
 6.76795667e+08  1.21655942e+05  2.85926802e+08  5.29443194e-01  3.21910378e-03
 6.77809582e+08  1.20436492e+05  2.85237105e+08  5.29558564e-01  3.21723680e-03
 6.78823497e+08  1.18990113e+05  2.84404630e+08  5.29703448e-01  3.21505178e-03
 6.79837412e+08  1.17543734e+05  2.83572155e+08  5.29848333e-01  3.21286675e-03
 6.80851327e+08  1.15805790e+05  2.82553628e+08  5.30026533e-01  3.21027534e-03
 6.81865242e+08  1.13654030e+05  2.81271041e+08  5.30252017e-01  3.20710715e-03
 6.82879157e+08  1.12571783e+05  2.80618799e+08  5.30366628e-01  3.20556852e-03
 6.83893073e+08  1.11492261e+05  2.79968163e+08  5.30480957e-01  3.20403404e-03
 6.84906988e+08  1.10005336e+05  2.79052639e+08  5.30641585e-01  3.20196379e-03
 6.85920903e+08  1.08436095e+05  2.78078512e+08  5.30812412e-01  3.19980477e-03
 6.86934818e+08  1.07303148e+05  2.77366799e+08  5.30937194e-01  3.19830098e-03
 6.87948733e+08  1.06125251e+05  2.76622622e+08  5.31067487e-01  3.19675604e-03
 6.88962648e+08  1.04793439e+05  2.75767287e+08  5.31216653e-01  3.19507019e-03
 6.89976563e+08  1.03531718e+05  2.74950706e+08  5.31356057e-01  3.19351233e-03
 6.90990478e+08  1.02356048e+05  2.74181704e+08  5.31483476e-01  3.19211159e-03
 6.92004393e+08  1.01183571e+05  2.73407139e+08  5.31608088e-01  3.19076948e-03
 6.93018308e+08  1.00014725e+05  2.72626244e+08  5.31729510e-01  3.18949405e-03
 6.94032223e+08  9.88139506e+04  2.71817455e+08  5.31855941e-01  3.18824516e-03
 6.95046138e+08  9.75477007e+04  2.70951465e+08  5.31992648e-01  3.18705070e-03
 6.96060053e+08  9.63714260e+04  2.70140965e+08  5.32121504e-01  3.18603151e-03
 6.97073968e+08  9.53114681e+04  2.69402202e+08  5.32240210e-01  3.18523891e-03
 6.98087883e+08  9.42566611e+04  2.68664613e+08  5.32361564e-01  3.18449300e-03
 6.99101798e+08  9.32335900e+04  2.67934258e+08  5.32499232e-01  3.18403465e-03
 7.00115713e+08  9.22105189e+04  2.67203903e+08  5.32636899e-01  3.18357631e-03
 7.01129629e+08  9.10622771e+04  2.66374266e+08  5.32806045e-01  3.18321123e-03
 7.02143544e+08  8.95996951e+04  2.65295305e+08  5.33054240e-01  3.18308036e-03
 7.03157459e+08  8.84341706e+04  2.64429831e+08  5.33274697e-01  3.18319310e-03
 7.04171374e+08  8.75115041e+04  2.63738892e+08  5.33472477e-01  3.18350500e-03
 7.05185289e+08  8.65541078e+04  2.63019161e+08  5.33684771e-01  3.18388297e-03
 7.06199204e+08  8.53011719e+04  2.62054408e+08  5.34020564e-01  3.18482321e-03
 7.07213119e+08  8.41438523e+04  2.61159233e+08  5.34351356e-01  3.18583395e-03
 7.08227034e+08  8.31859202e+04  2.60409145e+08  5.34671721e-01  3.18699171e-03
 7.09240949e+08  8.22081693e+04  2.59639153e+08  5.35021846e-01  3.18829004e-03
 7.10254864e+08  8.11674199e+04  2.58805891e+08  5.35466567e-01  3.19003521e-03
 7.11268779e+08  8.01779533e+04  2.58010257e+08  5.35916315e-01  3.19181332e-03
 7.12282694e+08  7.93289387e+04  2.57317675e+08  5.36379828e-01  3.19368167e-03
 7.13296609e+08  7.84799240e+04  2.56625092e+08  5.36843341e-01  3.19555001e-03
 7.14310524e+08  7.73080837e+04  2.55648825e+08  5.37560696e-01  3.19846321e-03
 7.15324439e+08  7.59518927e+04  2.54505234e+08  5.38448666e-01  3.20208897e-03
 7.16338354e+08  7.51105107e+04  2.53789001e+08  5.39052471e-01  3.20459335e-03
 7.17352269e+08  7.42524630e+04  2.53052533e+08  5.39684808e-01  3.20725702e-03
 7.18366185e+08  7.33733789e+04  2.52290524e+08  5.40353160e-01  3.21012176e-03
 7.19380100e+08  7.24712448e+04  2.51500293e+08  5.41052034e-01  3.21320415e-03
 7.20394015e+08  7.15458772e+04  2.50681616e+08  5.41781671e-01  3.21650592e-03
 7.21407930e+08  7.05249498e+04  2.49766399e+08  5.42587000e-01  3.22033069e-03
 7.22421845e+08  6.95728668e+04  2.48905274e+08  5.43334245e-01  3.22405422e-03
 7.23435760e+08  6.89397566e+04  2.48328102e+08  5.43820036e-01  3.22671456e-03
 7.24449675e+08  6.83066465e+04  2.47750930e+08  5.44305828e-01  3.22937489e-03
 7.25463590e+08  6.75173935e+04  2.47019577e+08  5.44905958e-01  3.23286889e-03
 7.26477505e+08  6.64053520e+04  2.45969489e+08  5.45742456e-01  3.23808627e-03
 7.27491420e+08  6.52651152e+04  2.44882980e+08  5.46585215e-01  3.24373848e-03
 7.28505335e+08  6.43642469e+04  2.44014988e+08  5.47231678e-01  3.24858225e-03
 7.29519250e+08  6.37847655e+04  2.43454132e+08  5.47636278e-01  3.25190360e-03
 7.30533165e+08  6.32052841e+04  2.42893276e+08  5.48040879e-01  3.25522496e-03
 7.31547080e+08  6.19699974e+04  2.41661622e+08  5.48915362e-01  3.26309896e-03
 7.32560995e+08  6.12284810e+04  2.40918216e+08  5.49445105e-01  3.26821618e-03
 7.33574910e+08  6.06148702e+04  2.40301422e+08  5.49885473e-01  3.27261377e-03
 7.34588826e+08  5.96069751e+04  2.39267730e+08  5.50654921e-01  3.28046176e-03
 7.35602741e+08  5.88410177e+04  2.38476290e+08  5.51279876e-01  3.28688569e-03
 7.36616656e+08  5.82946428e+04  2.37910039e+08  5.51751157e-01  3.29174522e-03
 7.37630571e+08  5.76213728e+04  2.37203768e+08  5.52373031e-01  3.29804471e-03
 7.38644486e+08  5.66726820e+04  2.36193592e+08  5.53321764e-01  3.30746955e-03
 7.39658401e+08  5.59848623e+04  2.35454875e+08  5.54116367e-01  3.31493618e-03
 7.40672316e+08  5.53649850e+04  2.34786858e+08  5.54870827e-01  3.32189280e-03
 7.41686231e+08  5.47348197e+04  2.34098826e+08  5.55758851e-01  3.32954245e-03
 7.42700146e+08  5.40979960e+04  2.33397839e+08  5.56733315e-01  3.33764063e-03
 7.43714061e+08  5.34611724e+04  2.32696853e+08  5.57707779e-01  3.34573881e-03
 7.44727976e+08  5.25017735e+04  2.31612109e+08  5.59451468e-01  3.35917121e-03
 7.45741891e+08  5.15882095e+04  2.30571745e+08  5.61223209e-01  3.37243199e-03
 7.46755806e+08  5.08847346e+04  2.29763483e+08  5.62729823e-01  3.38322260e-03
 7.47769721e+08  5.03476530e+04  2.29141130e+08  5.63975251e-01  3.39182605e-03
 7.48783636e+08  4.97755581e+04  2.28475676e+08  5.65322504e-01  3.40106370e-03
 7.49797551e+08  4.89337683e+04  2.27478228e+08  5.67454081e-01  3.41518637e-03
 7.50811466e+08  4.83210668e+04  2.26747006e+08  5.69093687e-01  3.42570948e-03
 7.51825382e+08  4.77679779e+04  2.26085060e+08  5.70605276e-01  3.43529592e-03
 7.52839297e+08  4.69386381e+04  2.25073528e+08  5.73030716e-01  3.45000405e-03
 7.53853212e+08  4.63957985e+04  2.24407551e+08  5.74703973e-01  3.45969977e-03
 7.54867127e+08  4.59220349e+04  2.23825161e+08  5.76192744e-01  3.46818219e-03
 7.55881042e+08  4.53793594e+04  2.23147953e+08  5.78010029e-01  3.47790635e-03
 7.56894957e+08  4.48011898e+04  2.22421907e+08  5.79996521e-01  3.48827008e-03
 7.57908872e+08  4.41679856e+04  2.21620710e+08  5.82238155e-01  3.49957413e-03
 7.58922787e+08  4.33630147e+04  2.20584963e+08  5.85276106e-01  3.51381299e-03
 7.59936702e+08  4.28105548e+04  2.19869057e+08  5.87493842e-01  3.52333253e-03
 7.60950617e+08  4.23147320e+04  2.19224891e+08  5.89527607e-01  3.53179356e-03
 7.61964532e+08  4.15665640e+04  2.18235135e+08  5.92779100e-01  3.54421026e-03
 7.62978447e+08  4.09916109e+04  2.17469349e+08  5.95395227e-01  3.55344907e-03
 7.63992362e+08  4.05356363e+04  2.16860149e+08  5.97533385e-01  3.56060091e-03
 7.65006277e+08  4.00485841e+04  2.16199558e+08  5.99939427e-01  3.56781519e-03
 7.66020192e+08  3.95582150e+04  2.15533483e+08  6.02374060e-01  3.57503614e-03
 7.67034107e+08  3.90593735e+04  2.14846835e+08  6.04953532e-01  3.58195720e-03
 7.68048022e+08  3.85552815e+04  2.14147438e+08  6.07622761e-01  3.58869241e-03
 7.69061938e+08  3.80511895e+04  2.13448041e+08  6.10291991e-01  3.59542762e-03
 7.70075853e+08  3.72896792e+04  2.12362958e+08  6.14539871e-01  3.60458867e-03
 7.71089768e+08  3.66425739e+04  2.11435422e+08  6.18180551e-01  3.61194091e-03
 7.72103683e+08  3.59290440e+04  2.10401080e+08  6.22279868e-01  3.61937184e-03
 7.73117598e+08  3.54539407e+04  2.09705689e+08  6.25017605e-01  3.62386231e-03
 7.74131513e+08  3.49171819e+04  2.08912719e+08  6.28111623e-01  3.62857997e-03
 7.75145428e+08  3.44742917e+04  2.08252977e+08  6.30678740e-01  3.63216488e-03
 7.76159343e+08  3.39294312e+04  2.07433343e+08  6.33793678e-01  3.63620242e-03
 7.77173258e+08  3.34753034e+04  2.06744205e+08  6.36356110e-01  3.63923731e-03
 7.78187173e+08  3.29653686e+04  2.05963334e+08  6.39204976e-01  3.64230874e-03
 7.79201088e+08  3.26076730e+04  2.05411904e+08  6.41172729e-01  3.64422754e-03
 7.80215003e+08  3.20972619e+04  2.04617085e+08  6.43912682e-01  3.64665025e-03
 7.81228918e+08  3.16108198e+04  2.03852796e+08  6.46455636e-01  3.64860642e-03
 7.82242833e+08  3.11479747e+04  2.03118934e+08  6.48785639e-01  3.65012829e-03
 7.83256748e+08  3.07449294e+04  2.02474807e+08  6.50753307e-01  3.65118654e-03
 7.84270663e+08  3.02794136e+04  2.01724243e+08  6.52918892e-01  3.65210521e-03
 7.85284578e+08  2.98862020e+04  2.01085403e+08  6.54691124e-01  3.65262371e-03
 7.86298494e+08  2.93873776e+04  2.00267019e+08  6.56795966e-01  3.65293551e-03
 7.87312409e+08  2.90197248e+04  1.99659158e+08  6.58263246e-01  3.65291030e-03
 7.88326324e+08  2.85587379e+04  1.98890505e+08  6.59999095e-01  3.65261385e-03
 7.89340239e+08  2.81357636e+04  1.98179043e+08  6.61491029e-01  3.65205034e-03
 7.90354154e+08  2.77454770e+04  1.97517463e+08  6.62783709e-01  3.65130008e-03
 7.91368069e+08  2.73695753e+04  1.96875386e+08  6.63966762e-01  3.65037367e-03
 7.92381984e+08  2.69614932e+04  1.96172846e+08  6.65175620e-01  3.64915396e-03
 7.93395899e+08  2.65483654e+04  1.95455807e+08  6.66341905e-01  3.64770743e-03
 7.94409814e+08  2.61849235e+04  1.94820282e+08  6.67320799e-01  3.64625360e-03
 7.95423729e+08  2.57768692e+04  1.94101072e+08  6.68388284e-01  3.64444773e-03
 7.96437644e+08  2.53920130e+04  1.93417479e+08  6.69380810e-01  3.64258143e-03
 7.97451559e+08  2.50014707e+04  1.92718437e+08  6.70389801e-01  3.64054677e-03
 7.98465474e+08  2.46412633e+04  1.92068825e+08  6.71327212e-01  3.63855325e-03
 7.99479389e+08  2.42713264e+04  1.91396721e+08  6.72323770e-01  3.63641097e-03
 8.00493304e+08  2.39182053e+04  1.90750524e+08  6.73306904e-01  3.63426705e-03
 8.01507219e+08  2.35653769e+04  1.90100073e+08  6.74339882e-01  3.63208184e-03
 8.02521134e+08  2.32007705e+04  1.89422720e+08  6.75476024e-01  3.62976450e-03
 8.03535050e+08  2.28449302e+04  1.88756566e+08  6.76645303e-01  3.62745361e-03
 8.04548965e+08  2.24967652e+04  1.88099876e+08  6.77882804e-01  3.62518338e-03
 8.05562880e+08  2.21597524e+04  1.87459305e+08  6.79151422e-01  3.62296499e-03
 8.06576795e+08  2.18155449e+04  1.86799994e+08  6.80529228e-01  3.62069778e-03
 8.07590710e+08  2.14768831e+04  1.86146087e+08  6.81975766e-01  3.61848432e-03
 8.08604625e+08  2.11563567e+04  1.85522541e+08  6.83443300e-01  3.61642198e-03
 8.09618540e+08  2.08168952e+04  1.84856596e+08  6.85079716e-01  3.61425446e-03
 8.10632455e+08  2.05255036e+04  1.84280727e+08  6.86548929e-01  3.61241707e-03
 8.11646370e+08  2.02016500e+04  1.83635620e+08  6.88262000e-01  3.61039850e-03
#Mass: 0.893153640463 Msun carved out from a 1.03389153771,from an initial 4.5