# Radius dens temp c12 ne22
400
 2.00000000e+04  9.46320000e+06  1.82723891e+08 0.5 0.0
 1.81466165e+06  9.46281913e+06  1.82696700e+08 0.5 0.0
 3.60932331e+06  9.46179567e+06  1.82692508e+08 0.5 0.0
 5.40398496e+06  9.46007688e+06  1.82765702e+08 0.5 0.0
 7.19864662e+06  9.45773891e+06  1.82684802e+08 0.5 0.0
 8.99330827e+06  9.45468367e+06  1.82619077e+08 0.5 0.0
 1.07879699e+07  9.45094279e+06  1.82694169e+08 0.5 0.0
 1.25826316e+07  9.44661550e+06  1.82654614e+08 0.5 0.0
 1.43772932e+07  9.44149226e+06  1.82635658e+08 0.5 0.0
 1.61719549e+07  9.43570855e+06  1.82565990e+08 0.5 0.0
 1.79666165e+07  9.42940543e+06  1.82477649e+08 0.5 0.0
 1.97612782e+07  9.42236027e+06  1.82389993e+08 0.5 0.0
 2.15559398e+07  9.41453813e+06  1.82349809e+08 0.5 0.0
 2.33506015e+07  9.40629905e+06  1.82335099e+08 0.5 0.0
 2.51452632e+07  9.39705402e+06  1.82268805e+08 0.5 0.0
 2.69399248e+07  9.38765414e+06  1.82194570e+08 0.5 0.0
 2.87345865e+07  9.37701218e+06  1.82099449e+08 0.5 0.0
 3.05292481e+07  9.36624609e+06  1.82002241e+08 0.5 0.0
 3.23239098e+07  9.35435211e+06  1.81934356e+08 0.5 0.0
 3.41185714e+07  9.34212655e+06  1.81875093e+08 0.5 0.0
 3.59132331e+07  9.32921526e+06  1.81798017e+08 0.5 0.0
 3.77078947e+07  9.31546520e+06  1.81699151e+08 0.5 0.0
 3.95025564e+07  9.30171513e+06  1.81600286e+08 0.5 0.0
 4.12972180e+07  9.28643608e+06  1.81485819e+08 0.5 0.0
 4.30918797e+07  9.27104801e+06  1.81370239e+08 0.5 0.0
 4.48865414e+07  9.25527098e+06  1.81256470e+08 0.5 0.0
 4.66812030e+07  9.23809096e+06  1.81149228e+08 0.5 0.0
 4.84758647e+07  9.22091094e+06  1.81041986e+08 0.5 0.0
 5.02705263e+07  9.20319237e+06  1.80918086e+08 0.5 0.0
 5.20651880e+07  9.18418706e+06  1.80754383e+08 0.5 0.0
 5.38598496e+07  9.16518176e+06  1.80590680e+08 0.5 0.0
 5.56545113e+07  9.14586753e+06  1.80430407e+08 0.5 0.0
 5.74491729e+07  9.12492038e+06  1.80288260e+08 0.5 0.0
 5.92438346e+07  9.10397322e+06  1.80146113e+08 0.5 0.0
 6.10384962e+07  9.08302607e+06  1.80003965e+08 0.5 0.0
 6.28331579e+07  9.06047935e+06  1.79848076e+08 0.5 0.0
 6.46278195e+07  9.03754028e+06  1.79688816e+08 0.5 0.0
 6.64224812e+07  9.01460120e+06  1.79529556e+08 0.5 0.0
 6.82171429e+07  8.99120582e+06  1.79364641e+08 0.5 0.0
 7.00118045e+07  8.96618900e+06  1.79179635e+08 0.5 0.0
 7.18064662e+07  8.94117219e+06  1.78994628e+08 0.5 0.0
 7.36011278e+07  8.91615538e+06  1.78809622e+08 0.5 0.0
 7.53957895e+07  8.89028600e+06  1.78626240e+08 0.5 0.0
 7.71904511e+07  8.86314938e+06  1.78445272e+08 0.5 0.0
 7.89851128e+07  8.83601276e+06  1.78264303e+08 0.5 0.0
 8.07797744e+07  8.80887613e+06  1.78083335e+08 0.5 0.0
 8.25744361e+07  8.78101833e+06  1.77886525e+08 0.5 0.0
 8.43690977e+07  8.75176838e+06  1.77659133e+08 0.5 0.0
 8.61637594e+07  8.72251844e+06  1.77431741e+08 0.5 0.0
 8.79584211e+07  8.69326849e+06  1.77204349e+08 0.5 0.0
 8.97530827e+07  8.66395347e+06  1.76976956e+08 0.5 0.0
 9.15477444e+07  8.63254416e+06  1.76749532e+08 0.5 0.0
 9.33424060e+07  8.60113484e+06  1.76522107e+08 0.5 0.0
 9.51370677e+07  8.56972553e+06  1.76294682e+08 0.5 0.0
 9.69317293e+07  8.53831622e+06  1.76067257e+08 0.5 0.0
 9.87263910e+07  8.50594289e+06  1.75818712e+08 0.5 0.0
 1.00521053e+08  8.47242987e+06  1.75545199e+08 0.5 0.0
 1.02315714e+08  8.43891685e+06  1.75271686e+08 0.5 0.0
 1.04110376e+08  8.40540382e+06  1.74998172e+08 0.5 0.0
 1.05905038e+08  8.37189080e+06  1.74724659e+08 0.5 0.0
 1.07699699e+08  8.33711107e+06  1.74444103e+08 0.5 0.0
 1.09494361e+08  8.30154946e+06  1.74159200e+08 0.5 0.0
 1.11289023e+08  8.26598785e+06  1.73874298e+08 0.5 0.0
 1.13083684e+08  8.23042624e+06  1.73589395e+08 0.5 0.0
 1.14878346e+08  8.19486462e+06  1.73304492e+08 0.5 0.0
 1.16673008e+08  8.15831317e+06  1.73019728e+08 0.5 0.0
 1.18467669e+08  8.12073975e+06  1.72735106e+08 0.5 0.0
 1.20262331e+08  8.08316632e+06  1.72450485e+08 0.5 0.0
 1.22056992e+08  8.04559290e+06  1.72165863e+08 0.5 0.0
 1.23851654e+08  8.00801948e+06  1.71881242e+08 0.5 0.0
 1.25646316e+08  7.97030715e+06  1.71593241e+08 0.5 0.0
 1.27440977e+08  7.93090490e+06  1.71264135e+08 0.5 0.0
 1.29235639e+08  7.89150265e+06  1.70935029e+08 0.5 0.0
 1.31030301e+08  7.85210040e+06  1.70605923e+08 0.5 0.0
 1.32824962e+08  7.81269815e+06  1.70276816e+08 0.5 0.0
 1.34619624e+08  7.77329590e+06  1.69947710e+08 0.5 0.0
 1.36414286e+08  7.73330518e+06  1.69619017e+08 0.5 0.0
 1.38208947e+08  7.69221122e+06  1.69291099e+08 0.5 0.0
 1.40003609e+08  7.65111727e+06  1.68963181e+08 0.5 0.0
 1.41798271e+08  7.61002331e+06  1.68635263e+08 0.5 0.0
 1.43592932e+08  7.56892936e+06  1.68307345e+08 0.5 0.0
 1.45387594e+08  7.52783541e+06  1.67979427e+08 0.5 0.0
 1.47182256e+08  7.48630665e+06  1.67646488e+08 0.5 0.0
 1.48976917e+08  7.44371855e+06  1.67301316e+08 0.5 0.0
 1.50771579e+08  7.40113044e+06  1.66956144e+08 0.5 0.0
 1.52566241e+08  7.35854234e+06  1.66610972e+08 0.5 0.0
 1.54360902e+08  7.31595424e+06  1.66265800e+08 0.5 0.0
 1.56155564e+08  7.27336614e+06  1.65920628e+08 0.5 0.0
 1.57950226e+08  7.23077804e+06  1.65575456e+08 0.5 0.0
 1.59744887e+08  7.18706411e+06  1.65189096e+08 0.5 0.0
 1.61539549e+08  7.14320116e+06  1.64797283e+08 0.5 0.0
 1.63334211e+08  7.09933821e+06  1.64405470e+08 0.5 0.0
 1.65128872e+08  7.05547526e+06  1.64013658e+08 0.5 0.0
 1.66923534e+08  7.01161231e+06  1.63621845e+08 0.5 0.0
 1.68718195e+08  6.96774937e+06  1.63230033e+08 0.5 0.0
 1.70512857e+08  6.92378231e+06  1.62838186e+08 0.5 0.0
 1.72307519e+08  6.87895058e+06  1.62446059e+08 0.5 0.0
 1.74102180e+08  6.83411884e+06  1.62053932e+08 0.5 0.0
 1.75896842e+08  6.78928711e+06  1.61661805e+08 0.5 0.0
 1.77691504e+08  6.74445538e+06  1.61269678e+08 0.5 0.0
 1.79486165e+08  6.69962364e+06  1.60877551e+08 0.5 0.0
 1.81280827e+08  6.65479191e+06  1.60485424e+08 0.5 0.0
 1.83075489e+08  6.60996017e+06  1.60093297e+08 0.5 0.0
 1.84870150e+08  6.56455660e+06  1.59680355e+08 0.5 0.0
 1.86664812e+08  6.51910670e+06  1.59265726e+08 0.5 0.0
 1.88459474e+08  6.47365679e+06  1.58851096e+08 0.5 0.0
 1.90254135e+08  6.42820689e+06  1.58436467e+08 0.5 0.0
 1.92048797e+08  6.38275698e+06  1.58021838e+08 0.5 0.0
 1.93843459e+08  6.33730708e+06  1.57607209e+08 0.5 0.0
 1.95638120e+08  6.29185717e+06  1.57192580e+08 0.5 0.0
 1.97432782e+08  6.24632431e+06  1.56773503e+08 0.5 0.0
 1.99227444e+08  6.20059495e+06  1.56343892e+08 0.5 0.0
 2.01022105e+08  6.15486559e+06  1.55914282e+08 0.5 0.0
 2.02816767e+08  6.10913623e+06  1.55484671e+08 0.5 0.0
 2.04611429e+08  6.06340687e+06  1.55055060e+08 0.5 0.0
 2.06406090e+08  6.01767751e+06  1.54625449e+08 0.5 0.0
 2.08200752e+08  5.97194815e+06  1.54195838e+08 0.5 0.0
 2.09995414e+08  5.92621879e+06  1.53766228e+08 0.5 0.0
 2.11790075e+08  5.88051316e+06  1.53334020e+08 0.5 0.0
 2.13584737e+08  5.83491280e+06  1.52890293e+08 0.5 0.0
 2.15379398e+08  5.78931245e+06  1.52446566e+08 0.5 0.0
 2.17174060e+08  5.74371210e+06  1.52002838e+08 0.5 0.0
 2.18968722e+08  5.69811174e+06  1.51559111e+08 0.5 0.0
 2.20763383e+08  5.65251139e+06  1.51115384e+08 0.5 0.0
 2.22558045e+08  5.60691104e+06  1.50671656e+08 0.5 0.0
 2.24352707e+08  5.56131068e+06  1.50227929e+08 0.5 0.0
 2.26147368e+08  5.51571033e+06  1.49784201e+08 0.5 0.0
 2.27942030e+08  5.47041614e+06  1.49319621e+08 0.5 0.0
 2.29736692e+08  5.42539293e+06  1.48836583e+08 0.5 0.0
 2.31531353e+08  5.38036972e+06  1.48353545e+08 0.5 0.0
 2.33326015e+08  5.33534651e+06  1.47870507e+08 0.5 0.0
 2.35120677e+08  5.29032330e+06  1.47387469e+08 0.5 0.0
 2.36915338e+08  5.24530009e+06  1.46904431e+08 0.5 0.0
 2.38710000e+08  5.20027688e+06  1.46421393e+08 0.5 0.0
 2.40504662e+08  5.15525367e+06  1.45938355e+08 0.5 0.0
 2.42299323e+08  5.11023046e+06  1.45455318e+08 0.5 0.0
 2.44093985e+08  5.06550665e+06  1.44971659e+08 0.5 0.0
 2.45888647e+08  5.02157116e+06  1.44486368e+08 0.5 0.0
 2.47683308e+08  4.97763567e+06  1.44001077e+08 0.5 0.0
 2.49477970e+08  4.93370018e+06  1.43515786e+08 0.5 0.0
 2.51272632e+08  4.88976468e+06  1.43030495e+08 0.5 0.0
 2.53067293e+08  4.84582919e+06  1.42545204e+08 0.5 0.0
 2.54861955e+08  4.80189370e+06  1.42059913e+08 0.5 0.0
 2.56656617e+08  4.75795821e+06  1.41574622e+08 0.5 0.0
 2.58451278e+08  4.71402272e+06  1.41089331e+08 0.5 0.0
 2.60245940e+08  4.67008723e+06  1.40604040e+08 0.5 0.0
 2.62040602e+08  4.62668470e+06  1.40117261e+08 0.5 0.0
 2.63835263e+08  4.58431569e+06  1.39627595e+08 0.5 0.0
 2.65629925e+08  4.54194668e+06  1.39137929e+08 0.5 0.0
 2.67424586e+08  4.49957767e+06  1.38648263e+08 0.5 0.0
 2.69219248e+08  4.45720866e+06  1.38158597e+08 0.5 0.0
 2.71013910e+08  4.41483965e+06  1.37668931e+08 0.5 0.0
 2.72808571e+08  4.37247065e+06  1.37179265e+08 0.5 0.0
 2.74603233e+08  4.33010164e+06  1.36689599e+08 0.5 0.0
 2.76397895e+08  4.28773263e+06  1.36199933e+08 0.5 0.0
 2.78192556e+08  4.24536362e+06  1.35710267e+08 0.5 0.0
 2.79987218e+08  4.20299461e+06  1.35220601e+08 0.5 0.0
 2.81781880e+08  4.16199879e+06  1.34707032e+08 0.5 0.0
 2.83576541e+08  4.12168024e+06  1.34181673e+08 0.5 0.0
 2.85371203e+08  4.08136169e+06  1.33656314e+08 0.5 0.0
 2.87165865e+08  4.04104315e+06  1.33130956e+08 0.5 0.0
 2.88960526e+08  4.00072460e+06  1.32605597e+08 0.5 0.0
 2.90755188e+08  3.96040606e+06  1.32080238e+08 0.5 0.0
 2.92549850e+08  3.92008751e+06  1.31554879e+08 0.5 0.0
 2.94344511e+08  3.87976896e+06  1.31029521e+08 0.5 0.0
 2.96139173e+08  3.83945042e+06  1.30504162e+08 0.5 0.0
 2.97933835e+08  3.79913187e+06  1.29978803e+08 0.5 0.0
 2.99728496e+08  3.75881332e+06  1.29453445e+08 0.5 0.0
 3.01523158e+08  3.71912422e+06  1.28930307e+08 0.5 0.0
 3.03317820e+08  3.68124466e+06  1.28413556e+08 0.5 0.0
 3.05112481e+08  3.64336511e+06  1.27896804e+08 0.5 0.0
 3.06907143e+08  3.60548555e+06  1.27380053e+08 0.5 0.0
 3.08701805e+08  3.56760599e+06  1.26863302e+08 0.5 0.0
 3.10496466e+08  3.52972643e+06  1.26346550e+08 0.5 0.0
 3.12291128e+08  3.49184687e+06  1.25829799e+08 0.5 0.0
 3.14085789e+08  3.45396732e+06  1.25313047e+08 0.5 0.0
 3.15880451e+08  3.41608776e+06  1.24796296e+08 0.5 0.0
 3.17675113e+08  3.37820820e+06  1.24279545e+08 0.5 0.0
 3.19469774e+08  3.34032864e+06  1.23762793e+08 0.5 0.0
 3.21264436e+08  3.30244909e+06  1.23246042e+08 0.5 0.0
 3.23059098e+08  3.26658298e+06  1.22728959e+08 0.5 0.0
 3.24853759e+08  3.23128613e+06  1.22211782e+08 0.5 0.0
 3.26648421e+08  3.19598929e+06  1.21694605e+08 0.5 0.0
 3.28443083e+08  3.16069244e+06  1.21177428e+08 0.5 0.0
 3.30237744e+08  3.12539559e+06  1.20660251e+08 0.5 0.0
 3.32032406e+08  3.09009874e+06  1.20143074e+08 0.5 0.0
 3.33827068e+08  3.05480190e+06  1.19625897e+08 0.5 0.0
 3.35621729e+08  3.01950505e+06  1.19108720e+08 0.5 0.0
 3.37416391e+08  2.98420820e+06  1.18591543e+08 0.5 0.0
 3.39211053e+08  2.94891135e+06  1.18074366e+08 0.5 0.0
 3.41005714e+08  2.91361450e+06  1.17557189e+08 0.5 0.0
 3.42800376e+08  2.88059433e+06  1.17026345e+08 0.5 0.0
 3.44595038e+08  2.84788284e+06  1.16493649e+08 0.5 0.0
 3.46389699e+08  2.81517136e+06  1.15960953e+08 0.5 0.0
 3.48184361e+08  2.78245988e+06  1.15428256e+08 0.5 0.0
 3.49979023e+08  2.74974840e+06  1.14895560e+08 0.5 0.0
 3.51773684e+08  2.71703692e+06  1.14362863e+08 0.5 0.0
 3.53568346e+08  2.68432544e+06  1.13830167e+08 0.5 0.0
 3.55363008e+08  2.65161396e+06  1.13297470e+08 0.5 0.0
 3.57157669e+08  2.61890247e+06  1.12764774e+08 0.5 0.0
 3.58952331e+08  2.58619099e+06  1.12232078e+08 0.5 0.0
 3.60746992e+08  2.55465054e+06  1.11704653e+08 0.5 0.0
 3.62541654e+08  2.52439136e+06  1.11182998e+08 0.5 0.0
 3.64336316e+08  2.49413218e+06  1.10661342e+08 0.5 0.0
 3.66130977e+08  2.46387300e+06  1.10139687e+08 0.5 0.0
 3.67925639e+08  2.43361382e+06  1.09618031e+08 0.5 0.0
 3.69720301e+08  2.40335464e+06  1.09096376e+08 0.5 0.0
 3.71514962e+08  2.37309546e+06  1.08574720e+08 0.5 0.0
 3.73309624e+08  2.34283628e+06  1.08053065e+08 0.5 0.0
 3.75104286e+08  2.31257710e+06  1.07531409e+08 0.5 0.0
 3.76898947e+08  2.28231792e+06  1.07009754e+08 0.5 0.0
 3.78693609e+08  2.25330077e+06  1.06482216e+08 0.5 0.0
 3.80488271e+08  2.22542913e+06  1.05949252e+08 0.5 0.0
 3.82282932e+08  2.19755749e+06  1.05416288e+08 0.5 0.0
 3.84077594e+08  2.16968585e+06  1.04883324e+08 0.5 0.0
 3.85872256e+08  2.14181421e+06  1.04350360e+08 0.5 0.0
 3.87666917e+08  2.11394257e+06  1.03817397e+08 0.5 0.0
 3.89461579e+08  2.08607093e+06  1.03284433e+08 0.5 0.0
 3.91256241e+08  2.05819929e+06  1.02751469e+08 0.5 0.0
 3.93050902e+08  2.03032765e+06  1.02218505e+08 0.5 0.0
 3.94845564e+08  2.00245602e+06  1.01685541e+08 0.5 0.0
 3.96640226e+08  1.97673280e+06  1.01141779e+08 0.5 0.0
 3.98434887e+08  1.95110255e+06  1.00597549e+08 0.5 0.0
 4.00229549e+08  1.92547230e+06  1.00053319e+08 0.5 0.0
 4.02024211e+08  1.89984205e+06  9.95090888e+07 0.5 0.0
 4.03818872e+08  1.87421180e+06  9.89648588e+07 0.5 0.0
 4.05613534e+08  1.84858155e+06  9.84206289e+07 0.5 0.0
 4.07408195e+08  1.82295130e+06  9.78763989e+07 0.5 0.0
 4.09202857e+08  1.79732105e+06  9.73321689e+07 0.5 0.0
 4.10997519e+08  1.77169080e+06  9.67879390e+07 0.5 0.0
 4.12792180e+08  1.74765289e+06  9.62663023e+07 0.5 0.0
 4.14586842e+08  1.72409017e+06  9.57514080e+07 0.5 0.0
 4.16381504e+08  1.70052745e+06  9.52365138e+07 0.5 0.0
 4.18176165e+08  1.67696473e+06  9.47216195e+07 0.5 0.0
 4.19970827e+08  1.65340201e+06  9.42067253e+07 0.5 0.0
 4.21765489e+08  1.62983929e+06  9.36918311e+07 0.5 0.0
 4.23560150e+08  1.60627657e+06  9.31769368e+07 0.5 0.0
 4.25354812e+08  1.58271386e+06  9.26620426e+07 0.5 0.0
 4.27149474e+08  1.55915114e+06  9.21471484e+07 0.5 0.0
 4.28944135e+08  1.53739749e+06  9.16173677e+07 0.5 0.0
 4.30738797e+08  1.51576257e+06  9.10866100e+07 0.5 0.0
 4.32533459e+08  1.49412764e+06  9.05558524e+07 0.5 0.0
 4.34328120e+08  1.47249272e+06  9.00250947e+07 0.5 0.0
 4.36122782e+08  1.45085780e+06  8.94943371e+07 0.5 0.0
 4.37917444e+08  1.42922287e+06  8.89635795e+07 0.5 0.0
 4.39712105e+08  1.40758795e+06  8.84328218e+07 0.5 0.0
 4.41506767e+08  1.38595303e+06  8.79020642e+07 0.5 0.0
 4.43301429e+08  1.36512108e+06  8.73723750e+07 0.5 0.0
 4.45096090e+08  1.34526212e+06  8.68439805e+07 0.5 0.0
 4.46890752e+08  1.32540316e+06  8.63155860e+07 0.5 0.0
 4.48685414e+08  1.30554419e+06  8.57871915e+07 0.5 0.0
 4.50480075e+08  1.28568523e+06  8.52587969e+07 0.5 0.0
 4.52274737e+08  1.26582627e+06  8.47304024e+07 0.5 0.0
 4.54069398e+08  1.24596731e+06  8.42020079e+07 0.5 0.0
 4.55864060e+08  1.22610835e+06  8.36736134e+07 0.5 0.0
 4.57658722e+08  1.20673011e+06  8.31521359e+07 0.5 0.0
 4.59453383e+08  1.18850288e+06  8.26472200e+07 0.5 0.0
 4.61248045e+08  1.17027565e+06  8.21423040e+07 0.5 0.0
 4.63042707e+08  1.15204842e+06  8.16373881e+07 0.5 0.0
 4.64837368e+08  1.13382118e+06  8.11324721e+07 0.5 0.0
 4.66632030e+08  1.11559395e+06  8.06275562e+07 0.5 0.0
 4.68426692e+08  1.09736672e+06  8.01226403e+07 0.5 0.0
 4.70221353e+08  1.07913949e+06  7.96177243e+07 0.5 0.0
 4.72016015e+08  1.06158628e+06  7.91044625e+07 0.5 0.0
 4.73810677e+08  1.04484142e+06  7.85811915e+07 0.5 0.0
 4.75605338e+08  1.02809656e+06  7.80579204e+07 0.5 0.0
 4.77400000e+08  1.01135170e+06  7.75346494e+07 0.5 0.0
 4.79194662e+08  9.94606846e+05  7.70113784e+07 0.5 0.0
 4.80989323e+08  9.77861988e+05  7.64881074e+07 0.5 0.0
 4.82783985e+08  9.61117130e+05  7.59648363e+07 0.5 0.0
 4.84578647e+08  9.44372272e+05  7.54415653e+07 0.5 0.0
 4.86373308e+08  9.28899387e+05  7.49349861e+07 0.5 0.0
 4.88167970e+08  9.13518748e+05  7.44296174e+07 0.5 0.0
 4.89962632e+08  8.98138110e+05  7.39242488e+07 0.5 0.0
 4.91757293e+08  8.82757472e+05  7.34188801e+07 0.5 0.0
 4.93551955e+08  8.67376834e+05  7.29135115e+07 0.5 0.0
 4.95346617e+08  8.51996196e+05  7.24081428e+07 0.5 0.0
 4.97141278e+08  8.36615558e+05  7.19027741e+07 0.5 0.0
 4.98935940e+08  8.22117483e+05  7.13874719e+07 0.5 0.0
 5.00730602e+08  8.07978206e+05  7.08681312e+07 0.5 0.0
 5.02525263e+08  7.93838928e+05  7.03487906e+07 0.5 0.0
 5.04319925e+08  7.79699651e+05  6.98294499e+07 0.5 0.0
 5.06114586e+08  7.65560374e+05  6.93101093e+07 0.5 0.0
 5.07909248e+08  7.51421097e+05  6.87907687e+07 0.5 0.0
 5.09703910e+08  7.37281819e+05  6.82714280e+07 0.5 0.0
 5.11498571e+08  7.24010383e+05  6.77566037e+07 0.5 0.0
 5.13293233e+08  7.10976823e+05  6.72430172e+07 0.5 0.0
 5.15087895e+08  6.97943262e+05  6.67294308e+07 0.5 0.0
 5.16882556e+08  6.84909702e+05  6.62158444e+07 0.5 0.0
 5.18677218e+08  6.71876141e+05  6.57022580e+07 0.5 0.0
 5.20471880e+08  6.58842581e+05  6.51886716e+07 0.5 0.0
 5.22266541e+08  6.45974525e+05  6.46761348e+07 0.5 0.0
 5.24061203e+08  6.33977551e+05  6.41691226e+07 0.5 0.0
 5.25855865e+08  6.21980576e+05  6.36621104e+07 0.5 0.0
 5.27650526e+08  6.09983602e+05  6.31550982e+07 0.5 0.0
 5.29445188e+08  5.97986628e+05  6.26480860e+07 0.5 0.0
 5.31239850e+08  5.85989653e+05  6.21410738e+07 0.5 0.0
 5.33034511e+08  5.73992679e+05  6.16340616e+07 0.5 0.0
 5.34829173e+08  5.62742826e+05  6.11305798e+07 0.5 0.0
 5.36623835e+08  5.51664749e+05  6.06279098e+07 0.5 0.0
 5.38418496e+08  5.40586672e+05  6.01252397e+07 0.5 0.0
 5.40213158e+08  5.29508595e+05  5.96225697e+07 0.5 0.0
 5.42007820e+08  5.18430518e+05  5.91198997e+07 0.5 0.0
 5.43802481e+08  5.07352441e+05  5.86172297e+07 0.5 0.0
 5.45597143e+08  4.96909082e+05  5.81111094e+07 0.5 0.0
 5.47391805e+08  4.86676574e+05  5.76038430e+07 0.5 0.0
 5.49186466e+08  4.76444066e+05  5.70965766e+07 0.5 0.0
 5.50981128e+08  4.66211558e+05  5.65893102e+07 0.5 0.0
 5.52775789e+08  4.55979050e+05  5.60820438e+07 0.5 0.0
 5.54570451e+08  4.45746542e+05  5.55747774e+07 0.5 0.0
 5.56365113e+08  4.36250944e+05  5.50743247e+07 0.5 0.0
 5.58159774e+08  4.26785055e+05  5.45741468e+07 0.5 0.0
 5.59954436e+08  4.17319165e+05  5.40739689e+07 0.5 0.0
 5.61749098e+08  4.07853276e+05  5.35737909e+07 0.5 0.0
 5.63543759e+08  3.98387386e+05  5.30736130e+07 0.5 0.0
 5.65338421e+08  3.89228931e+05  5.25698693e+07 0.5 0.0
 5.67133083e+08  3.80462845e+05  5.20615746e+07 0.5 0.0
 5.68927744e+08  3.71696759e+05  5.15532800e+07 0.5 0.0
 5.70722406e+08  3.62930674e+05  5.10449854e+07 0.5 0.0
 5.72517068e+08  3.54164588e+05  5.05366908e+07 0.5 0.0
 5.74311729e+08  3.45510203e+05  5.00292658e+07 0.5 0.0
 5.76106391e+08  3.37367200e+05  4.95258222e+07 0.5 0.0
 5.77901053e+08  3.29224198e+05  4.90223787e+07 0.5 0.0
 5.79695714e+08  3.21081196e+05  4.85189351e+07 0.5 0.0
 5.81490376e+08  3.12938194e+05  4.80154916e+07 0.5 0.0
 5.83285038e+08  3.04901641e+05  4.75097924e+07 0.5 0.0
 5.85079699e+08  2.97346389e+05  4.69938946e+07 0.5 0.0
 5.86874361e+08  2.89791137e+05  4.64779967e+07 0.5 0.0
 5.88669023e+08  2.82235885e+05  4.59620989e+07 0.5 0.0
 5.90463684e+08  2.74680633e+05  4.54462011e+07 0.5 0.0
 5.92258346e+08  2.67348350e+05  4.49379123e+07 0.5 0.0
 5.94053008e+08  2.60313898e+05  4.44397873e+07 0.5 0.0
 5.95847669e+08  2.53279445e+05  4.39416623e+07 0.5 0.0
 5.97642331e+08  2.46244993e+05  4.34435373e+07 0.5 0.0
 5.99436992e+08  2.39210540e+05  4.29454124e+07 0.5 0.0
 6.01231654e+08  2.32616934e+05  4.24244407e+07 0.5 0.0
 6.03026316e+08  2.26061499e+05  4.19014908e+07 0.5 0.0
 6.04820977e+08  2.19506064e+05  4.13785409e+07 0.5 0.0
 6.06615639e+08  2.12950629e+05  4.08555910e+07 0.5 0.0
 6.08410301e+08  2.06681292e+05  4.03409909e+07 0.5 0.0
 6.10204962e+08  2.00564590e+05  3.98308454e+07 0.5 0.0
 6.11999624e+08  1.94447888e+05  3.93206999e+07 0.5 0.0
 6.13794286e+08  1.88331186e+05  3.88105544e+07 0.5 0.0
 6.15588947e+08  1.82461016e+05  3.82891267e+07 0.5 0.0
 6.17383609e+08  1.76746918e+05  3.77605565e+07 0.5 0.0
 6.19178271e+08  1.71032820e+05  3.72319864e+07 0.5 0.0
 6.20972932e+08  1.65318722e+05  3.67034162e+07 0.5 0.0
 6.22767594e+08  1.59893737e+05  3.61787020e+07 0.5 0.0
 6.24562256e+08  1.54543089e+05  3.56549794e+07 0.5 0.0
 6.26356917e+08  1.49192442e+05  3.51312567e+07 0.5 0.0
 6.28151579e+08  1.43908004e+05  3.46081515e+07 0.5 0.0
 6.29946241e+08  1.38895328e+05  3.40875808e+07 0.5 0.0
 6.31740902e+08  1.33882652e+05  3.35670101e+07 0.5 0.0
 6.33535564e+08  1.28869977e+05  3.30464394e+07 0.5 0.0
 6.35330226e+08  1.24107263e+05  3.25065931e+07 0.5 0.0
 6.37124887e+08  1.19406063e+05  3.19620031e+07 0.5 0.0
 6.38919549e+08  1.14704864e+05  3.14174131e+07 0.5 0.0
 6.40714211e+08  1.10173117e+05  3.08776044e+07 0.5 0.0
 6.42508872e+08  1.05749843e+05  3.03408565e+07 0.5 0.0
 6.44303534e+08  1.01326569e+05  2.98041086e+07 0.5 0.0
 6.46098195e+08  9.70696091e+04  2.92611178e+07 0.5 0.0
 6.47892857e+08  9.29181239e+04  2.87141679e+07 0.5 0.0
 6.49687519e+08  8.87666388e+04  2.81672180e+07 0.5 0.0
 6.51482180e+08  8.47978514e+04  2.76100068e+07 0.5 0.0
 6.53276842e+08  8.08769141e+04  2.70501081e+07 0.5 0.0
 6.55071504e+08  7.69925225e+04  2.64898556e+07 0.5 0.0
 6.56866165e+08  7.33045736e+04  2.59277013e+07 0.5 0.0
 6.58660827e+08  6.96166247e+04  2.53655470e+07 0.5 0.0
 6.60455489e+08  6.60686660e+04  2.47942382e+07 0.5 0.0
 6.62250150e+08  6.25857250e+04  2.42186776e+07 0.5 0.0
 6.64044812e+08  5.91745777e+04  2.36409266e+07 0.5 0.0
 6.65839474e+08  5.58854440e+04  2.30594531e+07 0.5 0.0
 6.67634135e+08  5.26333609e+04  2.24748751e+07 0.5 0.0
 6.69428797e+08  4.95219531e+04  2.18785096e+07 0.5 0.0
 6.71223459e+08  4.64414844e+04  2.12797471e+07 0.5 0.0
 6.73018120e+08  4.34917423e+04  2.06708564e+07 0.5 0.0
 6.74812782e+08  4.05905657e+04  2.00614335e+07 0.5 0.0
 6.76607444e+08  3.77956945e+04  1.94508460e+07 0.5 0.0
 6.78402105e+08  3.50868218e+04  1.88307442e+07 0.5 0.0
 6.80196767e+08  3.24444428e+04  1.82032858e+07 0.5 0.0
 6.81991429e+08  2.99230000e+04  1.75623025e+07 0.5 0.0
 6.83786090e+08  2.74605091e+04  1.69123800e+07 0.5 0.0
 6.85580752e+08  2.50698261e+04  1.62512138e+07 0.5 0.0
 6.87375414e+08  2.28062614e+04  1.55830542e+07 0.5 0.0
 6.89170075e+08  2.06199098e+04  1.49085421e+07 0.5 0.0
 6.90964737e+08  1.85169812e+04  1.42209086e+07 0.5 0.0
 6.92759398e+08  1.65023016e+04  1.35155145e+07 0.5 0.0
 6.94554060e+08  1.45783711e+04  1.27939217e+07 0.5 0.0
 6.96348722e+08  1.27470646e+04  1.20547740e+07 0.5 0.0
 6.98143383e+08  1.10099167e+04  1.12932579e+07 0.5 0.0
 6.99938045e+08  9.36810018e+03  1.05119850e+07 0.5 0.0
 7.01732707e+08  7.83497203e+03  9.70697546e+06 0.5 0.0
 7.03527368e+08  6.40022115e+03  8.87072650e+06 0.5 0.0
 7.05322030e+08  5.07849528e+03  7.99827514e+06 0.5 0.0
 7.07116692e+08  3.86560070e+03  7.07907262e+06 0.5 0.0
 7.08911353e+08  2.77851660e+03  6.10354743e+06 0.5 0.0
 7.10706015e+08  1.82405542e+03  5.05256429e+06 0.5 0.0
 7.12500677e+08  1.01605464e+03  3.88555561e+06 0.5 0.0
 7.14295338e+08  3.88465772e+02  2.52760419e+06 0.5 0.0
 7.16090000e+08  1.45490000e+01  6.05428619e+05 0.5 0.0
# Timmes/Schwab half-and-half Helmholtz WD, total mass: 0.804189517