# radius density  temperature  c12  o16  ne22
810
4.000000e+05  4.150000e+07  1.900000e+08  0.5  0.5  0.0
1.200000e+06  4.149855e+07  1.900000e+08  0.5  0.5  0.0
2.000000e+06  4.149565e+07  1.900000e+08  0.5  0.5  0.0
2.800000e+06  4.149129e+07  1.900000e+08  0.5  0.5  0.0
3.600000e+06  4.148549e+07  1.900000e+08  0.5  0.5  0.0
4.400000e+06  4.147824e+07  1.900000e+08  0.5  0.5  0.0
5.200000e+06  4.146954e+07  1.900000e+08  0.5  0.5  0.0
6.000000e+06  4.145939e+07  1.900000e+08  0.5  0.5  0.0
6.800000e+06  4.144779e+07  1.900000e+08  0.5  0.5  0.0
7.600000e+06  4.143475e+07  1.900000e+08  0.5  0.5  0.0
8.400000e+06  4.142027e+07  1.900000e+08  0.5  0.5  0.0
9.200000e+06  4.140435e+07  1.900000e+08  0.5  0.5  0.0
1.000000e+07  4.138698e+07  1.900000e+08  0.5  0.5  0.0
1.080000e+07  4.136818e+07  1.900000e+08  0.5  0.5  0.0
1.160000e+07  4.134795e+07  1.900000e+08  0.5  0.5  0.0
1.240000e+07  4.132628e+07  1.900000e+08  0.5  0.5  0.0
1.320000e+07  4.130319e+07  1.900000e+08  0.5  0.5  0.0
1.400000e+07  4.127867e+07  1.900000e+08  0.5  0.5  0.0
1.480000e+07  4.125273e+07  1.900000e+08  0.5  0.5  0.0
1.560000e+07  4.122536e+07  1.900000e+08  0.5  0.5  0.0
1.640000e+07  4.119658e+07  1.900000e+08  0.5  0.5  0.0
1.720000e+07  4.116639e+07  1.900000e+08  0.5  0.5  0.0
1.800000e+07  4.113479e+07  1.900000e+08  0.5  0.5  0.0
1.880000e+07  4.110179e+07  1.900000e+08  0.5  0.5  0.0
1.960000e+07  4.106739e+07  1.900000e+08  0.5  0.5  0.0
2.040000e+07  4.103159e+07  1.900000e+08  0.5  0.5  0.0
2.120000e+07  4.099439e+07  1.900000e+08  0.5  0.5  0.0
2.200000e+07  4.095582e+07  1.900000e+08  0.5  0.5  0.0
2.280000e+07  4.091586e+07  1.900000e+08  0.5  0.5  0.0
2.360000e+07  4.087452e+07  1.900000e+08  0.5  0.5  0.0
2.440000e+07  4.083181e+07  1.900000e+08  0.5  0.5  0.0
2.520000e+07  4.078774e+07  1.900000e+08  0.5  0.5  0.0
2.600000e+07  4.074230e+07  1.900000e+08  0.5  0.5  0.0
2.680000e+07  4.069551e+07  1.900000e+08  0.5  0.5  0.0
2.760000e+07  4.064738e+07  1.900000e+08  0.5  0.5  0.0
2.840000e+07  4.059790e+07  1.900000e+08  0.5  0.5  0.0
2.920000e+07  4.054708e+07  1.900000e+08  0.5  0.5  0.0
3.000000e+07  4.049493e+07  1.900000e+08  0.5  0.5  0.0
3.080000e+07  4.044146e+07  1.900000e+08  0.5  0.5  0.0
3.160000e+07  4.038668e+07  1.900000e+08  0.5  0.5  0.0
3.240000e+07  4.033058e+07  1.900000e+08  0.5  0.5  0.0
3.320000e+07  4.027318e+07  1.900000e+08  0.5  0.5  0.0
3.400000e+07  4.021448e+07  1.900000e+08  0.5  0.5  0.0
3.480000e+07  4.015450e+07  1.900000e+08  0.5  0.5  0.0
3.560000e+07  4.009323e+07  1.900000e+08  0.5  0.5  0.0
3.640000e+07  4.003070e+07  1.900000e+08  0.5  0.5  0.0
3.720000e+07  3.996689e+07  1.900000e+08  0.5  0.5  0.0
3.800000e+07  3.990183e+07  1.900000e+08  0.5  0.5  0.0
3.880000e+07  3.983552e+07  1.900000e+08  0.5  0.5  0.0
3.960000e+07  3.976796e+07  1.900000e+08  0.5  0.5  0.0
4.040000e+07  3.969917e+07  1.900000e+08  0.5  0.5  0.0
4.120000e+07  3.962916e+07  1.900000e+08  0.5  0.5  0.0
4.200000e+07  3.955793e+07  1.900000e+08  0.5  0.5  0.0
4.280000e+07  3.948549e+07  1.900000e+08  0.5  0.5  0.0
4.360000e+07  3.941185e+07  1.900000e+08  0.5  0.5  0.0
4.440000e+07  3.933702e+07  1.900000e+08  0.5  0.5  0.0
4.520000e+07  3.926101e+07  1.900000e+08  0.5  0.5  0.0
4.600000e+07  3.918382e+07  1.900000e+08  0.5  0.5  0.0
4.680000e+07  3.910548e+07  1.900000e+08  0.5  0.5  0.0
4.760000e+07  3.902598e+07  1.900000e+08  0.5  0.5  0.0
4.840000e+07  3.894533e+07  1.900000e+08  0.5  0.5  0.0
4.920000e+07  3.886355e+07  1.900000e+08  0.5  0.5  0.0
5.000000e+07  3.878065e+07  1.900000e+08  0.5  0.5  0.0
5.080000e+07  3.869663e+07  1.900000e+08  0.5  0.5  0.0
5.160000e+07  3.861150e+07  1.900000e+08  0.5  0.5  0.0
5.240000e+07  3.852529e+07  1.900000e+08  0.5  0.5  0.0
5.320000e+07  3.843798e+07  1.900000e+08  0.5  0.5  0.0
5.400000e+07  3.834960e+07  1.900000e+08  0.5  0.5  0.0
5.480000e+07  3.826016e+07  1.900000e+08  0.5  0.5  0.0
5.560000e+07  3.816966e+07  1.900000e+08  0.5  0.5  0.0
5.640000e+07  3.807813e+07  1.900000e+08  0.5  0.5  0.0
5.720000e+07  3.798555e+07  1.900000e+08  0.5  0.5  0.0
5.800000e+07  3.789196e+07  1.900000e+08  0.5  0.5  0.0
5.880000e+07  3.779735e+07  1.900000e+08  0.5  0.5  0.0
5.960000e+07  3.770175e+07  1.900000e+08  0.5  0.5  0.0
6.040000e+07  3.760515e+07  1.900000e+08  0.5  0.5  0.0
6.120000e+07  3.750758e+07  1.900000e+08  0.5  0.5  0.0
6.200000e+07  3.740904e+07  1.900000e+08  0.5  0.5  0.0
6.280000e+07  3.730954e+07  1.900000e+08  0.5  0.5  0.0
6.360000e+07  3.720910e+07  1.900000e+08  0.5  0.5  0.0
6.440000e+07  3.710772e+07  1.900000e+08  0.5  0.5  0.0
6.520000e+07  3.700542e+07  1.900000e+08  0.5  0.5  0.0
6.600000e+07  3.690221e+07  1.900000e+08  0.5  0.5  0.0
6.680000e+07  3.679811e+07  1.900000e+08  0.5  0.5  0.0
6.760000e+07  3.669311e+07  1.900000e+08  0.5  0.5  0.0
6.840000e+07  3.658723e+07  1.900000e+08  0.5  0.5  0.0
6.920000e+07  3.648049e+07  1.900000e+08  0.5  0.5  0.0
7.000000e+07  3.637290e+07  1.900000e+08  0.5  0.5  0.0
7.080000e+07  3.626447e+07  1.900000e+08  0.5  0.5  0.0
7.160000e+07  3.615520e+07  1.900000e+08  0.5  0.5  0.0
7.240000e+07  3.604512e+07  1.900000e+08  0.5  0.5  0.0
7.320000e+07  3.593423e+07  1.900000e+08  0.5  0.5  0.0
7.400000e+07  3.582254e+07  1.900000e+08  0.5  0.5  0.0
7.480000e+07  3.571008e+07  1.900000e+08  0.5  0.5  0.0
7.560000e+07  3.559684e+07  1.900000e+08  0.5  0.5  0.0
7.640000e+07  3.548284e+07  1.900000e+08  0.5  0.5  0.0
7.720000e+07  3.536809e+07  1.900000e+08  0.5  0.5  0.0
7.800000e+07  3.525261e+07  1.900000e+08  0.5  0.5  0.0
7.880000e+07  3.513641e+07  1.900000e+08  0.5  0.5  0.0
7.960000e+07  3.501950e+07  1.900000e+08  0.5  0.5  0.0
8.040000e+07  3.490188e+07  1.900000e+08  0.5  0.5  0.0
8.120000e+07  3.478358e+07  1.900000e+08  0.5  0.5  0.0
8.200000e+07  3.466460e+07  1.900000e+08  0.5  0.5  0.0
8.280000e+07  3.454496e+07  1.900000e+08  0.5  0.5  0.0
8.360000e+07  3.442467e+07  1.900000e+08  0.5  0.5  0.0
8.440000e+07  3.430374e+07  1.900000e+08  0.5  0.5  0.0
8.520000e+07  3.418219e+07  1.900000e+08  0.5  0.5  0.0
8.600000e+07  3.406002e+07  1.900000e+08  0.5  0.5  0.0
8.680000e+07  3.393724e+07  1.900000e+08  0.5  0.5  0.0
8.760000e+07  3.381388e+07  1.900000e+08  0.5  0.5  0.0
8.840000e+07  3.368994e+07  1.900000e+08  0.5  0.5  0.0
8.920000e+07  3.356543e+07  1.900000e+08  0.5  0.5  0.0
9.000000e+07  3.344037e+07  1.900000e+08  0.5  0.5  0.0
9.080000e+07  3.331476e+07  1.900000e+08  0.5  0.5  0.0
9.160000e+07  3.318863e+07  1.900000e+08  0.5  0.5  0.0
9.240000e+07  3.306198e+07  1.900000e+08  0.5  0.5  0.0
9.320000e+07  3.293482e+07  1.900000e+08  0.5  0.5  0.0
9.400000e+07  3.280717e+07  1.900000e+08  0.5  0.5  0.0
9.480000e+07  3.267903e+07  1.900000e+08  0.5  0.5  0.0
9.560000e+07  3.255043e+07  1.900000e+08  0.5  0.5  0.0
9.640000e+07  3.242137e+07  1.900000e+08  0.5  0.5  0.0
9.720000e+07  3.229187e+07  1.900000e+08  0.5  0.5  0.0
9.800000e+07  3.216193e+07  1.900000e+08  0.5  0.5  0.0
9.880000e+07  3.203157e+07  1.900000e+08  0.5  0.5  0.0
9.960000e+07  3.190080e+07  1.900000e+08  0.5  0.5  0.0
1.004000e+08  3.176964e+07  1.900000e+08  0.5  0.5  0.0
1.012000e+08  3.163809e+07  1.900000e+08  0.5  0.5  0.0
1.020000e+08  3.150616e+07  1.900000e+08  0.5  0.5  0.0
1.028000e+08  3.137387e+07  1.900000e+08  0.5  0.5  0.0
1.036000e+08  3.124122e+07  1.900000e+08  0.5  0.5  0.0
1.044000e+08  3.110824e+07  1.900000e+08  0.5  0.5  0.0
1.052000e+08  3.097493e+07  1.900000e+08  0.5  0.5  0.0
1.060000e+08  3.084130e+07  1.900000e+08  0.5  0.5  0.0
1.068000e+08  3.070737e+07  1.900000e+08  0.5  0.5  0.0
1.076000e+08  3.057314e+07  1.900000e+08  0.5  0.5  0.0
1.084000e+08  3.043863e+07  1.900000e+08  0.5  0.5  0.0
1.092000e+08  3.030385e+07  1.900000e+08  0.5  0.5  0.0
1.100000e+08  3.016882e+07  1.900000e+08  0.5  0.5  0.0
1.108000e+08  3.003353e+07  1.900000e+08  0.5  0.5  0.0
1.116000e+08  2.989801e+07  1.900000e+08  0.5  0.5  0.0
1.124000e+08  2.976226e+07  1.900000e+08  0.5  0.5  0.0
1.132000e+08  2.962630e+07  1.900000e+08  0.5  0.5  0.0
1.140000e+08  2.949013e+07  1.900000e+08  0.5  0.5  0.0
1.148000e+08  2.935377e+07  1.900000e+08  0.5  0.5  0.0
1.156000e+08  2.921723e+07  1.900000e+08  0.5  0.5  0.0
1.164000e+08  2.908052e+07  1.900000e+08  0.5  0.5  0.0
1.172000e+08  2.894365e+07  1.900000e+08  0.5  0.5  0.0
1.180000e+08  2.880662e+07  1.900000e+08  0.5  0.5  0.0
1.188000e+08  2.866946e+07  1.900000e+08  0.5  0.5  0.0
1.196000e+08  2.853217e+07  1.900000e+08  0.5  0.5  0.0
1.204000e+08  2.839475e+07  1.900000e+08  0.5  0.5  0.0
1.212000e+08  2.825723e+07  1.900000e+08  0.5  0.5  0.0
1.220000e+08  2.811962e+07  1.900000e+08  0.5  0.5  0.0
1.228000e+08  2.798191e+07  1.900000e+08  0.5  0.5  0.0
1.236000e+08  2.784412e+07  1.900000e+08  0.5  0.5  0.0
1.244000e+08  2.770627e+07  1.900000e+08  0.5  0.5  0.0
1.252000e+08  2.756836e+07  1.900000e+08  0.5  0.5  0.0
1.260000e+08  2.743039e+07  1.900000e+08  0.5  0.5  0.0
1.268000e+08  2.729239e+07  1.900000e+08  0.5  0.5  0.0
1.276000e+08  2.715436e+07  1.900000e+08  0.5  0.5  0.0
1.284000e+08  2.701631e+07  1.900000e+08  0.5  0.5  0.0
1.292000e+08  2.687825e+07  1.900000e+08  0.5  0.5  0.0
1.300000e+08  2.674019e+07  1.900000e+08  0.5  0.5  0.0
1.308000e+08  2.660214e+07  1.900000e+08  0.5  0.5  0.0
1.316000e+08  2.646411e+07  1.900000e+08  0.5  0.5  0.0
1.324000e+08  2.632610e+07  1.900000e+08  0.5  0.5  0.0
1.332000e+08  2.618813e+07  1.900000e+08  0.5  0.5  0.0
1.340000e+08  2.605021e+07  1.900000e+08  0.5  0.5  0.0
1.348000e+08  2.591234e+07  1.900000e+08  0.5  0.5  0.0
1.356000e+08  2.577454e+07  1.900000e+08  0.5  0.5  0.0
1.364000e+08  2.563681e+07  1.900000e+08  0.5  0.5  0.0
1.372000e+08  2.549916e+07  1.900000e+08  0.5  0.5  0.0
1.380000e+08  2.536160e+07  1.900000e+08  0.5  0.5  0.0
1.388000e+08  2.522414e+07  1.900000e+08  0.5  0.5  0.0
1.396000e+08  2.508680e+07  1.900000e+08  0.5  0.5  0.0
1.404000e+08  2.494956e+07  1.900000e+08  0.5  0.5  0.0
1.412000e+08  2.481245e+07  1.900000e+08  0.5  0.5  0.0
1.420000e+08  2.467547e+07  1.900000e+08  0.5  0.5  0.0
1.428000e+08  2.453863e+07  1.900000e+08  0.5  0.5  0.0
1.436000e+08  2.440194e+07  1.900000e+08  0.5  0.5  0.0
1.444000e+08  2.426540e+07  1.900000e+08  0.5  0.5  0.0
1.452000e+08  2.412903e+07  1.900000e+08  0.5  0.5  0.0
1.460000e+08  2.399283e+07  1.900000e+08  0.5  0.5  0.0
1.468000e+08  2.385682e+07  1.900000e+08  0.5  0.5  0.0
1.476000e+08  2.372099e+07  1.900000e+08  0.5  0.5  0.0
1.484000e+08  2.358535e+07  1.900000e+08  0.5  0.5  0.0
1.492000e+08  2.344992e+07  1.900000e+08  0.5  0.5  0.0
1.500000e+08  2.331470e+07  1.900000e+08  0.5  0.5  0.0
1.508000e+08  2.317969e+07  1.900000e+08  0.5  0.5  0.0
1.516000e+08  2.304491e+07  1.900000e+08  0.5  0.5  0.0
1.524000e+08  2.291036e+07  1.900000e+08  0.5  0.5  0.0
1.532000e+08  2.277605e+07  1.900000e+08  0.5  0.5  0.0
1.540000e+08  2.264198e+07  1.900000e+08  0.5  0.5  0.0
1.548000e+08  2.250816e+07  1.900000e+08  0.5  0.5  0.0
1.556000e+08  2.237460e+07  1.900000e+08  0.5  0.5  0.0
1.564000e+08  2.224130e+07  1.900000e+08  0.5  0.5  0.0
1.572000e+08  2.210827e+07  1.900000e+08  0.5  0.5  0.0
1.580000e+08  2.197552e+07  1.900000e+08  0.5  0.5  0.0
1.588000e+08  2.184305e+07  1.900000e+08  0.5  0.5  0.0
1.596000e+08  2.171086e+07  1.900000e+08  0.5  0.5  0.0
1.604000e+08  2.157898e+07  1.900000e+08  0.5  0.5  0.0
1.612000e+08  2.144739e+07  1.900000e+08  0.5  0.5  0.0
1.620000e+08  2.131610e+07  1.900000e+08  0.5  0.5  0.0
1.628000e+08  2.118513e+07  1.900000e+08  0.5  0.5  0.0
1.636000e+08  2.105448e+07  1.900000e+08  0.5  0.5  0.0
1.644000e+08  2.092415e+07  1.900000e+08  0.5  0.5  0.0
1.652000e+08  2.079415e+07  1.900000e+08  0.5  0.5  0.0
1.660000e+08  2.066448e+07  1.900000e+08  0.5  0.5  0.0
1.668000e+08  2.053515e+07  1.900000e+08  0.5  0.5  0.0
1.676000e+08  2.040617e+07  1.900000e+08  0.5  0.5  0.0
1.684000e+08  2.027753e+07  1.900000e+08  0.5  0.5  0.0
1.692000e+08  2.014926e+07  1.900000e+08  0.5  0.5  0.0
1.700000e+08  2.002134e+07  1.900000e+08  0.5  0.5  0.0
1.708000e+08  1.989379e+07  1.900000e+08  0.5  0.5  0.0
1.716000e+08  1.976661e+07  1.900000e+08  0.5  0.5  0.0
1.724000e+08  1.963980e+07  1.900000e+08  0.5  0.5  0.0
1.732000e+08  1.951337e+07  1.900000e+08  0.5  0.5  0.0
1.740000e+08  1.938733e+07  1.900000e+08  0.5  0.5  0.0
1.748000e+08  1.926167e+07  1.900000e+08  0.5  0.5  0.0
1.756000e+08  1.913640e+07  1.900000e+08  0.5  0.5  0.0
1.764000e+08  1.901154e+07  1.900000e+08  0.5  0.5  0.0
1.772000e+08  1.888707e+07  1.900000e+08  0.5  0.5  0.0
1.780000e+08  1.876301e+07  1.900000e+08  0.5  0.5  0.0
1.788000e+08  1.863936e+07  1.900000e+08  0.5  0.5  0.0
1.796000e+08  1.851612e+07  1.900000e+08  0.5  0.5  0.0
1.804000e+08  1.839330e+07  1.900000e+08  0.5  0.5  0.0
1.812000e+08  1.827090e+07  1.900000e+08  0.5  0.5  0.0
1.820000e+08  1.814893e+07  1.900000e+08  0.5  0.5  0.0
1.828000e+08  1.802738e+07  1.900000e+08  0.5  0.5  0.0
1.836000e+08  1.790626e+07  1.900000e+08  0.5  0.5  0.0
1.844000e+08  1.778558e+07  1.900000e+08  0.5  0.5  0.0
1.852000e+08  1.766533e+07  1.900000e+08  0.5  0.5  0.0
1.860000e+08  1.754553e+07  1.900000e+08  0.5  0.5  0.0
1.868000e+08  1.742617e+07  1.900000e+08  0.5  0.5  0.0
1.876000e+08  1.730725e+07  1.900000e+08  0.5  0.5  0.0
1.884000e+08  1.718878e+07  1.900000e+08  0.5  0.5  0.0
1.892000e+08  1.707077e+07  1.900000e+08  0.5  0.5  0.0
1.900000e+08  1.695321e+07  1.900000e+08  0.5  0.5  0.0
1.908000e+08  1.683611e+07  1.900000e+08  0.5  0.5  0.0
1.916000e+08  1.671946e+07  1.900000e+08  0.5  0.5  0.0
1.924000e+08  1.660328e+07  1.900000e+08  0.5  0.5  0.0
1.932000e+08  1.648757e+07  1.900000e+08  0.5  0.5  0.0
1.940000e+08  1.637233e+07  1.900000e+08  0.5  0.5  0.0
1.948000e+08  1.625755e+07  1.900000e+08  0.5  0.5  0.0
1.956000e+08  1.614325e+07  1.900000e+08  0.5  0.5  0.0
1.964000e+08  1.602943e+07  1.900000e+08  0.5  0.5  0.0
1.972000e+08  1.591608e+07  1.900000e+08  0.5  0.5  0.0
1.980000e+08  1.580322e+07  1.900000e+08  0.5  0.5  0.0
1.988000e+08  1.569083e+07  1.900000e+08  0.5  0.5  0.0
1.996000e+08  1.557893e+07  1.900000e+08  0.5  0.5  0.0
2.004000e+08  1.546751e+07  1.900000e+08  0.5  0.5  0.0
2.012000e+08  1.535658e+07  1.900000e+08  0.5  0.5  0.0
2.020000e+08  1.524614e+07  1.900000e+08  0.5  0.5  0.0
2.028000e+08  1.513619e+07  1.900000e+08  0.5  0.5  0.0
2.036000e+08  1.502674e+07  1.900000e+08  0.5  0.5  0.0
2.044000e+08  1.491778e+07  1.900000e+08  0.5  0.5  0.0
2.052000e+08  1.480932e+07  1.900000e+08  0.5  0.5  0.0
2.060000e+08  1.470135e+07  1.900000e+08  0.5  0.5  0.0
2.068000e+08  1.459388e+07  1.900000e+08  0.5  0.5  0.0
2.076000e+08  1.448692e+07  1.900000e+08  0.5  0.5  0.0
2.084000e+08  1.438045e+07  1.900000e+08  0.5  0.5  0.0
2.092000e+08  1.427449e+07  1.900000e+08  0.5  0.5  0.0
2.100000e+08  1.416902e+07  1.900000e+08  0.5  0.5  0.0
2.108000e+08  1.406407e+07  1.900000e+08  0.5  0.5  0.0
2.116000e+08  1.395961e+07  1.900000e+08  0.5  0.5  0.0
2.124000e+08  1.385567e+07  1.900000e+08  0.5  0.5  0.0
2.132000e+08  1.375222e+07  1.900000e+08  0.5  0.5  0.0
2.140000e+08  1.364929e+07  1.900000e+08  0.5  0.5  0.0
2.148000e+08  1.354686e+07  1.900000e+08  0.5  0.5  0.0
2.156000e+08  1.344494e+07  1.900000e+08  0.5  0.5  0.0
2.164000e+08  1.334353e+07  1.900000e+08  0.5  0.5  0.0
2.172000e+08  1.324263e+07  1.900000e+08  0.5  0.5  0.0
2.180000e+08  1.314224e+07  1.900000e+08  0.5  0.5  0.0
2.188000e+08  1.304236e+07  1.900000e+08  0.5  0.5  0.0
2.196000e+08  1.294299e+07  1.900000e+08  0.5  0.5  0.0
2.204000e+08  1.284413e+07  1.900000e+08  0.5  0.5  0.0
2.212000e+08  1.274579e+07  1.900000e+08  0.5  0.5  0.0
2.220000e+08  1.264796e+07  1.900000e+08  0.5  0.5  0.0
2.228000e+08  1.255064e+07  1.900000e+08  0.5  0.5  0.0
2.236000e+08  1.245383e+07  1.900000e+08  0.5  0.5  0.0
2.244000e+08  1.235754e+07  1.900000e+08  0.5  0.5  0.0
2.252000e+08  1.226176e+07  1.900000e+08  0.5  0.5  0.0
2.260000e+08  1.216649e+07  1.900000e+08  0.5  0.5  0.0
2.268000e+08  1.207173e+07  1.900000e+08  0.5  0.5  0.0
2.276000e+08  1.197749e+07  1.900000e+08  0.5  0.5  0.0
2.284000e+08  1.188376e+07  1.900000e+08  0.5  0.5  0.0
2.292000e+08  1.179055e+07  1.900000e+08  0.5  0.5  0.0
2.300000e+08  1.169785e+07  1.900000e+08  0.5  0.5  0.0
2.308000e+08  1.160566e+07  1.900000e+08  0.5  0.5  0.0
2.316000e+08  1.151398e+07  1.900000e+08  0.5  0.5  0.0
2.324000e+08  1.142281e+07  1.900000e+08  0.5  0.5  0.0
2.332000e+08  1.133216e+07  1.900000e+08  0.5  0.5  0.0
2.340000e+08  1.124202e+07  1.900000e+08  0.5  0.5  0.0
2.348000e+08  1.115238e+07  1.900000e+08  0.5  0.5  0.0
2.356000e+08  1.106326e+07  1.900000e+08  0.5  0.5  0.0
2.364000e+08  1.097464e+07  1.900000e+08  0.5  0.5  0.0
2.372000e+08  1.088653e+07  1.900000e+08  0.5  0.5  0.0
2.380000e+08  1.079893e+07  1.900000e+08  0.5  0.5  0.0
2.388000e+08  1.071183e+07  1.900000e+08  0.5  0.5  0.0
2.396000e+08  1.062524e+07  1.900000e+08  0.5  0.5  0.0
2.404000e+08  1.053916e+07  1.900000e+08  0.5  0.5  0.0
2.412000e+08  1.045358e+07  1.900000e+08  0.5  0.5  0.0
2.420000e+08  1.036850e+07  1.900000e+08  0.5  0.5  0.0
2.428000e+08  1.028393e+07  1.900000e+08  0.5  0.5  0.0
2.436000e+08  1.019986e+07  1.900000e+08  0.5  0.5  0.0
2.444000e+08  1.011629e+07  1.900000e+08  0.5  0.5  0.0
2.452000e+08  1.003322e+07  1.900000e+08  0.5  0.5  0.0
2.460000e+08  9.950657e+06  1.900000e+08  0.5  0.5  0.0
2.468000e+08  9.868587e+06  1.900000e+08  0.5  0.5  0.0
2.476000e+08  9.787014e+06  1.900000e+08  0.5  0.5  0.0
2.484000e+08  9.705938e+06  1.900000e+08  0.5  0.5  0.0
2.492000e+08  9.625357e+06  1.900000e+08  0.5  0.5  0.0
2.500000e+08  9.545272e+06  1.900000e+08  0.5  0.5  0.0
2.508000e+08  9.465680e+06  1.900000e+08  0.5  0.5  0.0
2.516000e+08  9.386581e+06  1.900000e+08  0.5  0.5  0.0
2.524000e+08  9.307973e+06  1.900000e+08  0.5  0.5  0.0
2.532000e+08  9.229856e+06  1.900000e+08  0.5  0.5  0.0
2.540000e+08  9.152227e+06  1.900000e+08  0.5  0.5  0.0
2.548000e+08  9.075086e+06  1.900000e+08  0.5  0.5  0.0
2.556000e+08  8.998430e+06  1.900000e+08  0.5  0.5  0.0
2.564000e+08  8.922259e+06  1.900000e+08  0.5  0.5  0.0
2.572000e+08  8.846570e+06  1.900000e+08  0.5  0.5  0.0
2.580000e+08  8.771363e+06  1.900000e+08  0.5  0.5  0.0
2.588000e+08  8.696636e+06  1.900000e+08  0.5  0.5  0.0
2.596000e+08  8.622388e+06  1.900000e+08  0.5  0.5  0.0
2.604000e+08  8.548616e+06  1.900000e+08  0.5  0.5  0.0
2.612000e+08  8.475320e+06  1.900000e+08  0.5  0.5  0.0
2.620000e+08  8.402497e+06  1.900000e+08  0.5  0.5  0.0
2.628000e+08  8.330148e+06  1.900000e+08  0.5  0.5  0.0
2.636000e+08  8.258269e+06  1.900000e+08  0.5  0.5  0.0
2.644000e+08  8.186861e+06  1.900000e+08  0.5  0.5  0.0
2.652000e+08  8.115921e+06  1.900000e+08  0.5  0.5  0.0
2.660000e+08  8.045448e+06  1.900000e+08  0.5  0.5  0.0
2.668000e+08  7.975440e+06  1.900000e+08  0.5  0.5  0.0
2.676000e+08  7.905897e+06  1.900000e+08  0.5  0.5  0.0
2.684000e+08  7.836815e+06  1.900000e+08  0.5  0.5  0.0
2.692000e+08  7.768193e+06  1.900000e+08  0.5  0.5  0.0
2.700000e+08  7.700030e+06  1.900000e+08  0.5  0.5  0.0
2.708000e+08  7.632324e+06  1.900000e+08  0.5  0.5  0.0
2.716000e+08  7.565074e+06  1.900000e+08  0.5  0.5  0.0
2.724000e+08  7.498278e+06  1.900000e+08  0.5  0.5  0.0
2.732000e+08  7.431935e+06  1.900000e+08  0.5  0.5  0.0
2.740000e+08  7.366042e+06  1.900000e+08  0.5  0.5  0.0
2.748000e+08  7.300599e+06  1.900000e+08  0.5  0.5  0.0
2.756000e+08  7.235602e+06  1.900000e+08  0.5  0.5  0.0
2.764000e+08  7.171051e+06  1.900000e+08  0.5  0.5  0.0
2.772000e+08  7.106942e+06  1.900000e+08  0.5  0.5  0.0
2.780000e+08  7.043275e+06  1.900000e+08  0.5  0.5  0.0
2.788000e+08  6.980048e+06  1.900000e+08  0.5  0.5  0.0
2.796000e+08  6.917257e+06  1.900000e+08  0.5  0.5  0.0
2.804000e+08  6.854903e+06  1.900000e+08  0.5  0.5  0.0
2.812000e+08  6.792982e+06  1.900000e+08  0.5  0.5  0.0
2.820000e+08  6.731492e+06  1.900000e+08  0.5  0.5  0.0
2.828000e+08  6.670433e+06  1.900000e+08  0.5  0.5  0.0
2.836000e+08  6.609802e+06  1.900000e+08  0.5  0.5  0.0
2.844000e+08  6.549597e+06  1.900000e+08  0.5  0.5  0.0
2.852000e+08  6.489817e+06  1.900000e+08  0.5  0.5  0.0
2.860000e+08  6.430460e+06  1.900000e+08  0.5  0.5  0.0
2.868000e+08  6.371525e+06  1.900000e+08  0.5  0.5  0.0
2.876000e+08  6.313009e+06  1.900000e+08  0.5  0.5  0.0
2.884000e+08  6.254910e+06  1.900000e+08  0.5  0.5  0.0
2.892000e+08  6.197225e+06  1.900000e+08  0.5  0.5  0.0
2.900000e+08  6.139954e+06  1.900000e+08  0.5  0.5  0.0
2.908000e+08  6.083095e+06  1.900000e+08  0.5  0.5  0.0
2.916000e+08  6.026645e+06  1.900000e+08  0.5  0.5  0.0
2.924000e+08  5.970604e+06  1.900000e+08  0.5  0.5  0.0
2.932000e+08  5.914968e+06  1.900000e+08  0.5  0.5  0.0
2.940000e+08  5.859737e+06  1.900000e+08  0.5  0.5  0.0
2.948000e+08  5.804908e+06  1.900000e+08  0.5  0.5  0.0
2.956000e+08  5.750479e+06  1.900000e+08  0.5  0.5  0.0
2.964000e+08  5.696448e+06  1.900000e+08  0.5  0.5  0.0
2.972000e+08  5.642812e+06  1.900000e+08  0.5  0.5  0.0
2.980000e+08  5.589571e+06  1.900000e+08  0.5  0.5  0.0
2.988000e+08  5.536721e+06  1.900000e+08  0.5  0.5  0.0
2.996000e+08  5.484261e+06  1.900000e+08  0.5  0.5  0.0
3.004000e+08  5.432188e+06  1.900000e+08  0.5  0.5  0.0
3.012000e+08  5.380501e+06  1.900000e+08  0.5  0.5  0.0
3.020000e+08  5.329198e+06  1.900000e+08  0.5  0.5  0.0
3.028000e+08  5.278276e+06  1.900000e+08  0.5  0.5  0.0
3.036000e+08  5.227734e+06  1.900000e+08  0.5  0.5  0.0
3.044000e+08  5.177570e+06  1.900000e+08  0.5  0.5  0.0
3.052000e+08  5.127782e+06  1.900000e+08  0.5  0.5  0.0
3.060000e+08  5.078369e+06  1.900000e+08  0.5  0.5  0.0
3.068000e+08  5.029328e+06  1.900000e+08  0.5  0.5  0.0
3.076000e+08  4.980657e+06  1.900000e+08  0.5  0.5  0.0
3.084000e+08  4.932353e+06  1.900000e+08  0.5  0.5  0.0
3.092000e+08  4.884416e+06  1.900000e+08  0.5  0.5  0.0
3.100000e+08  4.836842e+06  1.900000e+08  0.5  0.5  0.0
3.108000e+08  4.789632e+06  1.900000e+08  0.5  0.5  0.0
3.116000e+08  4.742782e+06  1.900000e+08  0.5  0.5  0.0
3.124000e+08  4.696290e+06  1.900000e+08  0.5  0.5  0.0
3.132000e+08  4.650155e+06  1.900000e+08  0.5  0.5  0.0
3.140000e+08  4.604375e+06  1.900000e+08  0.5  0.5  0.0
3.148000e+08  4.558947e+06  1.900000e+08  0.5  0.5  0.0
3.156000e+08  4.513870e+06  1.900000e+08  0.5  0.5  0.0
3.164000e+08  4.469141e+06  1.900000e+08  0.5  0.5  0.0
3.172000e+08  4.424758e+06  1.900000e+08  0.5  0.5  0.0
3.180000e+08  4.380719e+06  1.900000e+08  0.5  0.5  0.0
3.188000e+08  4.337022e+06  1.900000e+08  0.5  0.5  0.0
3.196000e+08  4.293666e+06  1.900000e+08  0.5  0.5  0.0
3.204000e+08  4.250647e+06  1.900000e+08  0.5  0.5  0.0
3.212000e+08  4.207965e+06  1.900000e+08  0.5  0.5  0.0
3.220000e+08  4.165617e+06  1.900000e+08  0.5  0.5  0.0
3.228000e+08  4.123601e+06  1.900000e+08  0.5  0.5  0.0
3.236000e+08  4.081916e+06  1.900000e+08  0.5  0.5  0.0
3.244000e+08  4.040560e+06  1.900000e+08  0.5  0.5  0.0
3.252000e+08  3.999531e+06  1.900000e+08  0.5  0.5  0.0
3.260000e+08  3.958827e+06  1.900000e+08  0.5  0.5  0.0
3.268000e+08  3.918445e+06  1.900000e+08  0.5  0.5  0.0
3.276000e+08  3.878385e+06  1.900000e+08  0.5  0.5  0.0
3.284000e+08  3.838643e+06  1.900000e+08  0.5  0.5  0.0
3.292000e+08  3.799218e+06  1.900000e+08  0.5  0.5  0.0
3.300000e+08  3.760110e+06  1.900000e+08  0.5  0.5  0.0
3.308000e+08  3.721315e+06  1.900000e+08  0.5  0.5  0.0
3.316000e+08  3.682831e+06  1.900000e+08  0.5  0.5  0.0
3.324000e+08  3.644657e+06  1.900000e+08  0.5  0.5  0.0
3.332000e+08  3.606791e+06  1.900000e+08  0.5  0.5  0.0
3.340000e+08  3.569231e+06  1.900000e+08  0.5  0.5  0.0
3.348000e+08  3.531975e+06  1.900000e+08  0.5  0.5  0.0
3.356000e+08  3.495020e+06  1.900000e+08  0.5  0.5  0.0
3.364000e+08  3.458365e+06  1.900000e+08  0.5  0.5  0.0
3.372000e+08  3.422008e+06  1.900000e+08  0.5  0.5  0.0
3.380000e+08  3.385947e+06  1.900000e+08  0.5  0.5  0.0
3.388000e+08  3.350180e+06  1.900000e+08  0.5  0.5  0.0
3.396000e+08  3.314705e+06  1.900000e+08  0.5  0.5  0.0
3.404000e+08  3.279521e+06  1.900000e+08  0.5  0.5  0.0
3.412000e+08  3.244626e+06  1.900000e+08  0.5  0.5  0.0
3.420000e+08  3.210018e+06  1.900000e+08  0.5  0.5  0.0
3.428000e+08  3.175696e+06  1.900000e+08  0.5  0.5  0.0
3.436000e+08  3.141657e+06  1.900000e+08  0.5  0.5  0.0
3.444000e+08  3.107899e+06  1.900000e+08  0.5  0.5  0.0
3.452000e+08  3.074421e+06  1.900000e+08  0.5  0.5  0.0
3.460000e+08  3.041222e+06  1.900000e+08  0.5  0.5  0.0
3.468000e+08  3.008298e+06  1.900000e+08  0.5  0.5  0.0
3.476000e+08  2.975650e+06  1.900000e+08  0.5  0.5  0.0
3.484000e+08  2.943274e+06  1.900000e+08  0.5  0.5  0.0
3.492000e+08  2.911170e+06  1.900000e+08  0.5  0.5  0.0
3.500000e+08  2.879334e+06  1.900000e+08  0.5  0.5  0.0
3.508000e+08  2.847767e+06  1.900000e+08  0.5  0.5  0.0
3.516000e+08  2.816464e+06  1.900000e+08  0.5  0.5  0.0
3.524000e+08  2.785426e+06  1.900000e+08  0.5  0.5  0.0
3.532000e+08  2.754650e+06  1.900000e+08  0.5  0.5  0.0
3.540000e+08  2.724133e+06  1.900000e+08  0.5  0.5  0.0
3.548000e+08  2.693875e+06  1.900000e+08  0.5  0.5  0.0
3.556000e+08  2.663874e+06  1.900000e+08  0.5  0.5  0.0
3.564000e+08  2.634128e+06  1.900000e+08  0.5  0.5  0.0
3.572000e+08  2.604635e+06  1.900000e+08  0.5  0.5  0.0
3.580000e+08  2.575394e+06  1.900000e+08  0.5  0.5  0.0
3.588000e+08  2.546403e+06  1.900000e+08  0.5  0.5  0.0
3.596000e+08  2.517661e+06  1.900000e+08  0.5  0.5  0.0
3.604000e+08  2.489165e+06  1.900000e+08  0.5  0.5  0.0
3.612000e+08  2.460915e+06  1.900000e+08  0.5  0.5  0.0
3.620000e+08  2.432908e+06  1.900000e+08  0.5  0.5  0.0
3.628000e+08  2.405143e+06  1.900000e+08  0.5  0.5  0.0
3.636000e+08  2.377618e+06  1.900000e+08  0.5  0.5  0.0
3.644000e+08  2.350333e+06  1.900000e+08  0.5  0.5  0.0
3.652000e+08  2.323284e+06  1.900000e+08  0.5  0.5  0.0
3.660000e+08  2.296471e+06  1.900000e+08  0.5  0.5  0.0
3.668000e+08  2.269892e+06  1.900000e+08  0.5  0.5  0.0
3.676000e+08  2.243545e+06  1.900000e+08  0.5  0.5  0.0
3.684000e+08  2.217429e+06  1.900000e+08  0.5  0.5  0.0
3.692000e+08  2.191541e+06  1.900000e+08  0.5  0.5  0.0
3.700000e+08  2.165881e+06  1.900000e+08  0.5  0.5  0.0
3.708000e+08  2.140446e+06  1.900000e+08  0.5  0.5  0.0
3.716000e+08  2.115235e+06  1.900000e+08  0.5  0.5  0.0
3.724000e+08  2.090247e+06  1.900000e+08  0.5  0.5  0.0
3.732000e+08  2.065479e+06  1.900000e+08  0.5  0.5  0.0
3.740000e+08  2.040932e+06  1.900000e+08  0.5  0.5  0.0
3.748000e+08  2.016602e+06  1.900000e+08  0.5  0.5  0.0
3.756000e+08  1.992490e+06  1.900000e+08  0.5  0.5  0.0
3.764000e+08  1.968592e+06  1.900000e+08  0.5  0.5  0.0
3.772000e+08  1.944908e+06  1.900000e+08  0.5  0.5  0.0
3.780000e+08  1.921436e+06  1.900000e+08  0.5  0.5  0.0
3.788000e+08  1.898174e+06  1.900000e+08  0.5  0.5  0.0
3.796000e+08  1.875122e+06  1.900000e+08  0.5  0.5  0.0
3.804000e+08  1.852279e+06  1.900000e+08  0.5  0.5  0.0
3.812000e+08  1.829641e+06  1.900000e+08  0.5  0.5  0.0
3.820000e+08  1.807208e+06  1.900000e+08  0.5  0.5  0.0
3.828000e+08  1.784979e+06  1.900000e+08  0.5  0.5  0.0
3.836000e+08  1.762952e+06  1.900000e+08  0.5  0.5  0.0
3.844000e+08  1.741125e+06  1.900000e+08  0.5  0.5  0.0
3.852000e+08  1.719496e+06  1.900000e+08  0.5  0.5  0.0
3.860000e+08  1.698066e+06  1.900000e+08  0.5  0.5  0.0
3.868000e+08  1.676831e+06  1.900000e+08  0.5  0.5  0.0
3.876000e+08  1.655791e+06  1.900000e+08  0.5  0.5  0.0
3.884000e+08  1.634944e+06  1.900000e+08  0.5  0.5  0.0
3.892000e+08  1.614290e+06  1.900000e+08  0.5  0.5  0.0
3.900000e+08  1.593826e+06  1.900000e+08  0.5  0.5  0.0
3.908000e+08  1.573552e+06  1.900000e+08  0.5  0.5  0.0
3.916000e+08  1.553465e+06  1.900000e+08  0.5  0.5  0.0
3.924000e+08  1.533565e+06  1.900000e+08  0.5  0.5  0.0
3.932000e+08  1.513851e+06  1.900000e+08  0.5  0.5  0.0
3.940000e+08  1.494321e+06  1.900000e+08  0.5  0.5  0.0
3.948000e+08  1.474974e+06  1.900000e+08  0.5  0.5  0.0
3.956000e+08  1.455809e+06  1.900000e+08  0.5  0.5  0.0
3.964000e+08  1.436824e+06  1.900000e+08  0.5  0.5  0.0
3.972000e+08  1.418018e+06  1.900000e+08  0.5  0.5  0.0
3.980000e+08  1.399389e+06  1.900000e+08  0.5  0.5  0.0
3.988000e+08  1.380936e+06  1.900000e+08  0.5  0.5  0.0
3.996000e+08  1.362659e+06  1.900000e+08  0.5  0.5  0.0
4.004000e+08  1.344554e+06  1.900000e+08  0.5  0.5  0.0
4.012000e+08  1.326623e+06  1.900000e+08  0.5  0.5  0.0
4.020000e+08  1.308862e+06  1.900000e+08  0.5  0.5  0.0
4.028000e+08  1.291271e+06  1.900000e+08  0.5  0.5  0.0
4.036000e+08  1.273849e+06  1.900000e+08  0.5  0.5  0.0
4.044000e+08  1.256595e+06  1.900000e+08  0.5  0.5  0.0
4.052000e+08  1.239508e+06  1.900000e+08  0.5  0.5  0.0
4.060000e+08  1.222585e+06  1.900000e+08  0.5  0.5  0.0
4.068000e+08  1.205826e+06  1.900000e+08  0.5  0.5  0.0
4.076000e+08  1.189231e+06  1.900000e+08  0.5  0.5  0.0
4.084000e+08  1.172797e+06  1.900000e+08  0.5  0.5  0.0
4.092000e+08  1.156524e+06  1.900000e+08  0.5  0.5  0.0
4.100000e+08  1.140411e+06  1.900000e+08  0.5  0.5  0.0
4.108000e+08  1.124456e+06  1.900000e+08  0.5  0.5  0.0
4.116000e+08  1.108658e+06  1.900000e+08  0.5  0.5  0.0
4.124000e+08  1.093016e+06  1.900000e+08  0.5  0.5  0.0
4.132000e+08  1.077528e+06  1.900000e+08  0.5  0.5  0.0
4.140000e+08  1.062194e+06  1.900000e+08  0.5  0.5  0.0
4.148000e+08  1.047012e+06  1.900000e+08  0.5  0.5  0.0
4.156000e+08  1.031982e+06  1.900000e+08  0.5  0.5  0.0
4.164000e+08  1.017102e+06  1.900000e+08  0.5  0.5  0.0
4.172000e+08  1.002372e+06  1.900000e+08  0.5  0.5  0.0
4.180000e+08  9.877894e+05  1.900000e+08  0.5  0.5  0.0
4.188000e+08  9.733543e+05  1.900000e+08  0.5  0.5  0.0
4.196000e+08  9.590655e+05  1.900000e+08  0.5  0.5  0.0
4.204000e+08  9.449220e+05  1.900000e+08  0.5  0.5  0.0
4.212000e+08  9.309228e+05  1.900000e+08  0.5  0.5  0.0
4.220000e+08  9.170669e+05  1.900000e+08  0.5  0.5  0.0
4.228000e+08  9.033531e+05  1.900000e+08  0.5  0.5  0.0
4.236000e+08  8.897803e+05  1.900000e+08  0.5  0.5  0.0
4.244000e+08  8.763475e+05  1.900000e+08  0.5  0.5  0.0
4.252000e+08  8.630535e+05  1.900000e+08  0.5  0.5  0.0
4.260000e+08  8.498974e+05  1.900000e+08  0.5  0.5  0.0
4.268000e+08  8.368781e+05  1.900000e+08  0.5  0.5  0.0
4.276000e+08  8.239947e+05  1.900000e+08  0.5  0.5  0.0
4.284000e+08  8.112464e+05  1.900000e+08  0.5  0.5  0.0
4.292000e+08  7.986324e+05  1.900000e+08  0.5  0.5  0.0
4.300000e+08  7.861516e+05  1.900000e+08  0.5  0.5  0.0
4.308000e+08  7.738029e+05  1.900000e+08  0.5  0.5  0.0
4.316000e+08  7.615856e+05  1.900000e+08  0.5  0.5  0.0
4.324000e+08  7.494990e+05  1.900000e+08  0.5  0.5  0.0
4.332000e+08  7.375421e+05  1.900000e+08  0.5  0.5  0.0
4.340000e+08  7.257140e+05  1.900000e+08  0.5  0.5  0.0
4.348000e+08  7.140137e+05  1.900000e+08  0.5  0.5  0.0
4.356000e+08  7.024402e+05  1.900000e+08  0.5  0.5  0.0
4.364000e+08  6.909925e+05  1.900000e+08  0.5  0.5  0.0
4.372000e+08  6.796697e+05  1.900000e+08  0.5  0.5  0.0
4.380000e+08  6.684709e+05  1.900000e+08  0.5  0.5  0.0
4.388000e+08  6.573952e+05  1.900000e+08  0.5  0.5  0.0
4.396000e+08  6.464420e+05  1.900000e+08  0.5  0.5  0.0
4.404000e+08  6.356105e+05  1.900000e+08  0.5  0.5  0.0
4.412000e+08  6.248999e+05  1.900000e+08  0.5  0.5  0.0
4.420000e+08  6.143091e+05  1.900000e+08  0.5  0.5  0.0
4.428000e+08  6.038375e+05  1.900000e+08  0.5  0.5  0.0
4.436000e+08  5.934846e+05  1.900000e+08  0.5  0.5  0.0
4.444000e+08  5.832495e+05  1.900000e+08  0.5  0.5  0.0
4.452000e+08  5.731314e+05  1.900000e+08  0.5  0.5  0.0
4.460000e+08  5.631293e+05  1.900000e+08  0.5  0.5  0.0
4.468000e+08  5.532424e+05  1.900000e+08  0.5  0.5  0.0
4.476000e+08  5.434698e+05  1.900000e+08  0.5  0.5  0.0
4.484000e+08  5.338107e+05  1.900000e+08  0.5  0.5  0.0
4.492000e+08  5.242643e+05  1.900000e+08  0.5  0.5  0.0
4.500000e+08  5.148301e+05  1.900000e+08  0.5  0.5  0.0
4.508000e+08  5.055074e+05  1.900000e+08  0.5  0.5  0.0
4.516000e+08  4.962955e+05  1.900000e+08  0.5  0.5  0.0
4.524000e+08  4.871935e+05  1.900000e+08  0.5  0.5  0.0
4.532000e+08  4.782010e+05  1.900000e+08  0.5  0.5  0.0
4.540000e+08  4.693173e+05  1.900000e+08  0.5  0.5  0.0
4.548000e+08  4.605418e+05  1.900000e+08  0.5  0.5  0.0
4.556000e+08  4.518737e+05  1.900000e+08  0.5  0.5  0.0
4.564000e+08  4.433122e+05  1.900000e+08  0.5  0.5  0.0
4.572000e+08  4.348565e+05  1.900000e+08  0.5  0.5  0.0
4.580000e+08  4.265058e+05  1.900000e+08  0.5  0.5  0.0
4.588000e+08  4.182595e+05  1.900000e+08  0.5  0.5  0.0
4.596000e+08  4.101170e+05  1.900000e+08  0.5  0.5  0.0
4.604000e+08  4.020778e+05  1.900000e+08  0.5  0.5  0.0
4.612000e+08  3.941414e+05  1.900000e+08  0.5  0.5  0.0
4.620000e+08  3.863069e+05  1.900000e+08  0.5  0.5  0.0
4.628000e+08  3.785740e+05  1.900000e+08  0.5  0.5  0.0
4.636000e+08  3.709421e+05  1.900000e+08  0.5  0.5  0.0
4.644000e+08  3.634108e+05  1.900000e+08  0.5  0.5  0.0
4.652000e+08  3.559792e+05  1.900000e+08  0.5  0.5  0.0
4.660000e+08  3.486465e+05  1.900000e+08  0.5  0.5  0.0
4.668000e+08  3.414122e+05  1.900000e+08  0.5  0.5  0.0
4.676000e+08  3.342755e+05  1.900000e+08  0.5  0.5  0.0
4.684000e+08  3.272360e+05  1.900000e+08  0.5  0.5  0.0
4.692000e+08  3.202933e+05  1.900000e+08  0.5  0.5  0.0
4.700000e+08  3.134469e+05  1.900000e+08  0.5  0.5  0.0
4.708000e+08  3.066959e+05  1.900000e+08  0.5  0.5  0.0
4.716000e+08  3.000403e+05  1.900000e+08  0.5  0.5  0.0
4.724000e+08  2.934796e+05  1.900000e+08  0.5  0.5  0.0
4.732000e+08  2.870132e+05  1.900000e+08  0.5  0.5  0.0
4.740000e+08  2.806403e+05  1.900000e+08  0.5  0.5  0.0
4.748000e+08  2.743604e+05  1.900000e+08  0.5  0.5  0.0
4.756000e+08  2.681728e+05  1.900000e+08  0.5  0.5  0.0
4.764000e+08  2.620770e+05  1.900000e+08  0.5  0.5  0.0
4.772000e+08  2.560725e+05  1.900000e+08  0.5  0.5  0.0
4.780000e+08  2.501593e+05  1.900000e+08  0.5  0.5  0.0
4.788000e+08  2.443363e+05  1.900000e+08  0.5  0.5  0.0
4.796000e+08  2.386035e+05  1.900000e+08  0.5  0.5  0.0
4.804000e+08  2.329605e+05  1.900000e+08  0.5  0.5  0.0
4.812000e+08  2.274068e+05  1.900000e+08  0.5  0.5  0.0
4.820000e+08  2.219416e+05  1.900000e+08  0.5  0.5  0.0
4.828000e+08  2.165644e+05  1.900000e+08  0.5  0.5  0.0
4.836000e+08  2.112745e+05  1.900000e+08  0.5  0.5  0.0
4.844000e+08  2.060714e+05  1.900000e+08  0.5  0.5  0.0
4.852000e+08  2.009551e+05  1.900000e+08  0.5  0.5  0.0
4.860000e+08  1.959248e+05  1.900000e+08  0.5  0.5  0.0
4.868000e+08  1.909802e+05  1.900000e+08  0.5  0.5  0.0
4.876000e+08  1.861210e+05  1.900000e+08  0.5  0.5  0.0
4.884000e+08  1.813467e+05  1.900000e+08  0.5  0.5  0.0
4.892000e+08  1.766567e+05  1.900000e+08  0.5  0.5  0.0
4.900000e+08  1.720502e+05  1.900000e+08  0.5  0.5  0.0
4.908000e+08  1.675267e+05  1.900000e+08  0.5  0.5  0.0
4.916000e+08  1.630857e+05  1.900000e+08  0.5  0.5  0.0
4.924000e+08  1.587269e+05  1.900000e+08  0.5  0.5  0.0
4.932000e+08  1.544497e+05  1.900000e+08  0.5  0.5  0.0
4.940000e+08  1.502537e+05  1.900000e+08  0.5  0.5  0.0
4.948000e+08  1.461387e+05  1.900000e+08  0.5  0.5  0.0
4.956000e+08  1.421039e+05  1.900000e+08  0.5  0.5  0.0
4.964000e+08  1.381487e+05  1.900000e+08  0.5  0.5  0.0
4.972000e+08  1.342722e+05  1.900000e+08  0.5  0.5  0.0
4.980000e+08  1.304739e+05  1.900000e+08  0.5  0.5  0.0
4.988000e+08  1.267534e+05  1.900000e+08  0.5  0.5  0.0
4.996000e+08  1.231102e+05  1.900000e+08  0.5  0.5  0.0
5.004000e+08  1.195436e+05  1.900000e+08  0.5  0.5  0.0
5.012000e+08  1.160534e+05  1.900000e+08  0.5  0.5  0.0
5.020000e+08  1.126389e+05  1.900000e+08  0.5  0.5  0.0
5.028000e+08  1.092990e+05  1.900000e+08  0.5  0.5  0.0
5.036000e+08  1.060330e+05  1.900000e+08  0.5  0.5  0.0
5.044000e+08  1.028403e+05  1.900000e+08  0.5  0.5  0.0
5.052000e+08  9.972039e+04  1.900000e+08  0.5  0.5  0.0
5.060000e+08  9.667245e+04  1.900000e+08  0.5  0.5  0.0
5.068000e+08  9.369603e+04  1.900000e+08  0.5  0.5  0.0
5.076000e+08  9.079048e+04  1.900000e+08  0.5  0.5  0.0
5.084000e+08  8.795483e+04  1.900000e+08  0.5  0.5  0.0
5.092000e+08  8.518810e+04  1.900000e+08  0.5  0.5  0.0
5.100000e+08  8.248941e+04  1.900000e+08  0.5  0.5  0.0
5.108000e+08  7.985816e+04  1.900000e+08  0.5  0.5  0.0
5.116000e+08  7.729356e+04  1.900000e+08  0.5  0.5  0.0
5.124000e+08  7.479482e+04  1.900000e+08  0.5  0.5  0.0
5.132000e+08  7.236126e+04  1.900000e+08  0.5  0.5  0.0
5.140000e+08  6.999183e+04  1.900000e+08  0.5  0.5  0.0
5.148000e+08  6.768541e+04  1.900000e+08  0.5  0.5  0.0
5.156000e+08  6.544100e+04  1.900000e+08  0.5  0.5  0.0
5.164000e+08  6.325788e+04  1.900000e+08  0.5  0.5  0.0
5.172000e+08  6.113509e+04  1.900000e+08  0.5  0.5  0.0
5.180000e+08  5.907181e+04  1.900000e+08  0.5  0.5  0.0
5.188000e+08  5.706716e+04  1.900000e+08  0.5  0.5  0.0
5.196000e+08  5.511997e+04  1.900000e+08  0.5  0.5  0.0
5.204000e+08  5.322904e+04  1.900000e+08  0.5  0.5  0.0
5.212000e+08  5.139334e+04  1.900000e+08  0.5  0.5  0.0
5.220000e+08  4.961207e+04  1.900000e+08  0.5  0.5  0.0
5.228000e+08  4.788408e+04  1.900000e+08  0.5  0.5  0.0
5.236000e+08  4.620859e+04  1.900000e+08  0.5  0.5  0.0
5.244000e+08  4.458448e+04  1.900000e+08  0.5  0.5  0.0
5.252000e+08  4.301048e+04  1.900000e+08  0.5  0.5  0.0
5.260000e+08  4.148542e+04  1.900000e+08  0.5  0.5  0.0
5.268000e+08  4.000836e+04  1.900000e+08  0.5  0.5  0.0
5.276000e+08  3.857826e+04  1.900000e+08  0.5  0.5  0.0
5.284000e+08  3.719415e+04  1.900000e+08  0.5  0.5  0.0
5.292000e+08  3.585504e+04  1.900000e+08  0.5  0.5  0.0
5.300000e+08  3.455967e+04  1.900000e+08  0.5  0.5  0.0
5.308000e+08  3.330685e+04  1.900000e+08  0.5  0.5  0.0
5.316000e+08  3.209555e+04  1.900000e+08  0.5  0.5  0.0
5.324000e+08  3.092483e+04  1.900000e+08  0.5  0.5  0.0
5.332000e+08  2.979361e+04  1.900000e+08  0.5  0.5  0.0
5.340000e+08  2.870101e+04  1.900000e+08  0.5  0.5  0.0
5.348000e+08  2.764586e+04  1.900000e+08  0.5  0.5  0.0
5.356000e+08  2.662697e+04  1.900000e+08  0.5  0.5  0.0
5.364000e+08  2.564335e+04  1.900000e+08  0.5  0.5  0.0
5.372000e+08  2.469410e+04  1.900000e+08  0.5  0.5  0.0
5.380000e+08  2.377821e+04  1.900000e+08  0.5  0.5  0.0
5.388000e+08  2.289483e+04  1.900000e+08  0.5  0.5  0.0
5.396000e+08  2.204290e+04  1.900000e+08  0.5  0.5  0.0
5.404000e+08  2.122136e+04  1.900000e+08  0.5  0.5  0.0
5.412000e+08  2.042924e+04  1.900000e+08  0.5  0.5  0.0
5.420000e+08  1.966575e+04  1.900000e+08  0.5  0.5  0.0
5.428000e+08  1.892995e+04  1.900000e+08  0.5  0.5  0.0
5.436000e+08  1.822108e+04  1.900000e+08  0.5  0.5  0.0
5.444000e+08  1.753820e+04  1.900000e+08  0.5  0.5  0.0
5.452000e+08  1.688036e+04  1.900000e+08  0.5  0.5  0.0
5.460000e+08  1.624672e+04  1.900000e+08  0.5  0.5  0.0
5.468000e+08  1.563656e+04  1.900000e+08  0.5  0.5  0.0
5.476000e+08  1.504905e+04  1.900000e+08  0.5  0.5  0.0
5.484000e+08  1.448354e+04  1.900000e+08  0.5  0.5  0.0
5.492000e+08  1.393922e+04  1.900000e+08  0.5  0.5  0.0
5.500000e+08  1.341525e+04  1.900000e+08  0.5  0.5  0.0
5.508000e+08  1.291093e+04  1.900000e+08  0.5  0.5  0.0
5.516000e+08  1.242563e+04  1.900000e+08  0.5  0.5  0.0
5.524000e+08  1.195865e+04  1.900000e+08  0.5  0.5  0.0
5.532000e+08  1.150942e+04  1.900000e+08  0.5  0.5  0.0
5.540000e+08  1.107727e+04  1.900000e+08  0.5  0.5  0.0
5.548000e+08  1.066150e+04  1.900000e+08  0.5  0.5  0.0
5.556000e+08  1.026151e+04  1.900000e+08  0.5  0.5  0.0
5.564000e+08  9.955165e+03  1.885793e+08  0.5  0.5  0.0
5.572000e+08  9.656368e+03  1.871625e+08  0.5  0.5  0.0
5.580000e+08  9.365018e+03  1.857493e+08  0.5  0.5  0.0
5.588000e+08  9.080982e+03  1.843400e+08  0.5  0.5  0.0
5.596000e+08  8.804085e+03  1.829344e+08  0.5  0.5  0.0
5.604000e+08  8.534157e+03  1.815326e+08  0.5  0.5  0.0
5.612000e+08  8.271049e+03  1.801345e+08  0.5  0.5  0.0
5.620000e+08  8.014648e+03  1.787402e+08  0.5  0.5  0.0
5.628000e+08  7.764831e+03  1.773497e+08  0.5  0.5  0.0
5.636000e+08  7.521462e+03  1.759630e+08  0.5  0.5  0.0
5.644000e+08  7.284443e+03  1.745800e+08  0.5  0.5  0.0
5.652000e+08  7.053626e+03  1.732008e+08  0.5  0.5  0.0
5.660000e+08  6.828855e+03  1.718254e+08  0.5  0.5  0.0
5.668000e+08  6.609988e+03  1.704538e+08  0.5  0.5  0.0
5.676000e+08  6.396918e+03  1.690859e+08  0.5  0.5  0.0
5.684000e+08  6.189542e+03  1.677219e+08  0.5  0.5  0.0
5.692000e+08  5.987731e+03  1.663616e+08  0.5  0.5  0.0
5.700000e+08  5.791399e+03  1.650051e+08  0.5  0.5  0.0
5.708000e+08  5.600416e+03  1.636525e+08  0.5  0.5  0.0
5.716000e+08  5.414639e+03  1.623036e+08  0.5  0.5  0.0
5.724000e+08  5.233944e+03  1.609585e+08  0.5  0.5  0.0
5.732000e+08  5.058236e+03  1.596172e+08  0.5  0.5  0.0
5.740000e+08  4.887417e+03  1.582797e+08  0.5  0.5  0.0
5.748000e+08  4.721381e+03  1.569460e+08  0.5  0.5  0.0
5.756000e+08  4.560042e+03  1.556161e+08  0.5  0.5  0.0
5.764000e+08  4.403279e+03  1.542901e+08  0.5  0.5  0.0
5.772000e+08  4.250968e+03  1.529678e+08  0.5  0.5  0.0
5.780000e+08  4.103003e+03  1.516493e+08  0.5  0.5  0.0
5.788000e+08  3.959307e+03  1.503347e+08  0.5  0.5  0.0
5.796000e+08  3.819775e+03  1.490239e+08  0.5  0.5  0.0
5.804000e+08  3.684335e+03  1.477170e+08  0.5  0.5  0.0
5.812000e+08  3.552890e+03  1.464138e+08  0.5  0.5  0.0
5.820000e+08  3.425327e+03  1.451145e+08  0.5  0.5  0.0
5.828000e+08  3.301541e+03  1.438190e+08  0.5  0.5  0.0
5.836000e+08  3.181457e+03  1.425274e+08  0.5  0.5  0.0
5.844000e+08  3.064991e+03  1.412396e+08  0.5  0.5  0.0
5.852000e+08  2.952066e+03  1.399556e+08  0.5  0.5  0.0
5.860000e+08  2.842606e+03  1.386755e+08  0.5  0.5  0.0
5.868000e+08  2.736508e+03  1.373993e+08  0.5  0.5  0.0
5.876000e+08  2.633677e+03  1.361269e+08  0.5  0.5  0.0
5.884000e+08  2.534042e+03  1.348584e+08  0.5  0.5  0.0
5.892000e+08  2.437531e+03  1.335938e+08  0.5  0.5  0.0
5.900000e+08  2.344071e+03  1.323330e+08  0.5  0.5  0.0
5.908000e+08  2.253595e+03  1.310761e+08  0.5  0.5  0.0
5.916000e+08  2.166011e+03  1.298231e+08  0.5  0.5  0.0
5.924000e+08  2.081236e+03  1.285740e+08  0.5  0.5  0.0
5.932000e+08  1.999207e+03  1.273288e+08  0.5  0.5  0.0
5.940000e+08  1.919856e+03  1.260875e+08  0.5  0.5  0.0
5.948000e+08  1.843124e+03  1.248501e+08  0.5  0.5  0.0
5.956000e+08  1.768942e+03  1.236166e+08  0.5  0.5  0.0
5.964000e+08  1.697230e+03  1.223870e+08  0.5  0.5  0.0
5.972000e+08  1.627917e+03  1.211614e+08  0.5  0.5  0.0
5.980000e+08  1.560950e+03  1.199397e+08  0.5  0.5  0.0
5.988000e+08  1.496265e+03  1.187219e+08  0.5  0.5  0.0
5.996000e+08  1.433813e+03  1.175081e+08  0.5  0.5  0.0
6.004000e+08  1.373523e+03  1.162983e+08  0.5  0.5  0.0
6.012000e+08  1.315325e+03  1.150924e+08  0.5  0.5  0.0
6.020000e+08  1.259168e+03  1.138905e+08  0.5  0.5  0.0
6.028000e+08  1.204997e+03  1.126926e+08  0.5  0.5  0.0
6.036000e+08  1.152764e+03  1.114987e+08  0.5  0.5  0.0
6.044000e+08  1.102414e+03  1.103088e+08  0.5  0.5  0.0
6.052000e+08  1.053879e+03  1.091229e+08  0.5  0.5  0.0
6.060000e+08  1.007111e+03  1.079410e+08  0.5  0.5  0.0
6.068000e+08  9.620631e+02  1.067632e+08  0.5  0.5  0.0
6.076000e+08  9.186904e+02  1.055894e+08  0.5  0.5  0.0
6.084000e+08  8.769433e+02  1.044197e+08  0.5  0.5  0.0
6.092000e+08  8.367638e+02  1.032541e+08  0.5  0.5  0.0
6.100000e+08  7.981063e+02  1.020925e+08  0.5  0.5  0.0
6.108000e+08  7.609291e+02  1.009350e+08  0.5  0.5  0.0
6.116000e+08  7.251927e+02  9.978169e+07  0.5  0.5  0.0
6.124000e+08  6.908507e+02  9.863247e+07  0.5  0.5  0.0
6.132000e+08  6.578521e+02  9.748738e+07  0.5  0.5  0.0
6.140000e+08  6.261586e+02  9.634646e+07  0.5  0.5  0.0
6.148000e+08  5.957309e+02  9.520971e+07  0.5  0.5  0.0
6.156000e+08  5.665351e+02  9.407716e+07  0.5  0.5  0.0
6.164000e+08  5.385257e+02  9.294880e+07  0.5  0.5  0.0
6.172000e+08  5.116603e+02  9.182467e+07  0.5  0.5  0.0
6.180000e+08  4.859064e+02  9.070479e+07  0.5  0.5  0.0
6.188000e+08  4.612301e+02  8.958917e+07  0.5  0.5  0.0
6.196000e+08  4.375968e+02  8.847784e+07  0.5  0.5  0.0
6.204000e+08  4.149649e+02  8.737081e+07  0.5  0.5  0.0
6.212000e+08  3.933030e+02  8.626810e+07  0.5  0.5  0.0
6.220000e+08  3.725799e+02  8.516975e+07  0.5  0.5  0.0
6.228000e+08  3.527671e+02  8.407578e+07  0.5  0.5  0.0
6.236000e+08  3.338275e+02  8.298619e+07  0.5  0.5  0.0
6.244000e+08  3.157300e+02  8.190103e+07  0.5  0.5  0.0
6.252000e+08  2.984474e+02  8.082033e+07  0.5  0.5  0.0
6.260000e+08  2.819539e+02  7.974410e+07  0.5  0.5  0.0
6.268000e+08  2.662169e+02  7.867238e+07  0.5  0.5  0.0
6.276000e+08  2.512079e+02  7.760520e+07  0.5  0.5  0.0
6.284000e+08  2.369022e+02  7.654259e+07  0.5  0.5  0.0
6.292000e+08  2.232766e+02  7.548458e+07  0.5  0.5  0.0
6.300000e+08  2.103019e+02  7.443120e+07  0.5  0.5  0.0
6.308000e+08  1.979530e+02  7.338250e+07  0.5  0.5  0.0
6.316000e+08  1.862076e+02  7.233851e+07  0.5  0.5  0.0
6.324000e+08  1.750446e+02  7.129926e+07  0.5  0.5  0.0
6.332000e+08  1.644373e+02  7.026480e+07  0.5  0.5  0.0
6.340000e+08  1.543647e+02  6.923517e+07  0.5  0.5  0.0
6.348000e+08  1.448072e+02  6.821042e+07  0.5  0.5  0.0
6.356000e+08  1.357440e+02  6.719058e+07  0.5  0.5  0.0
6.364000e+08  1.271523e+02  6.617570e+07  0.5  0.5  0.0
6.372000e+08  1.190142e+02  6.516585e+07  0.5  0.5  0.0
6.380000e+08  1.113124e+02  6.416106e+07  0.5  0.5  0.0
6.388000e+08  1.040261e+02  6.316139e+07  0.5  0.5  0.0
6.396000e+08  9.713770e+01  6.216689e+07  0.5  0.5  0.0
6.404000e+08  9.063139e+01  6.117763e+07  0.5  0.5  0.0
6.412000e+08  8.448998e+01  6.019367e+07  0.5  0.5  0.0
6.420000e+08  7.869596e+01  5.921507e+07  0.5  0.5  0.0
6.428000e+08  7.323494e+01  5.824189e+07  0.5  0.5  0.0
6.436000e+08  6.809233e+01  5.727421e+07  0.5  0.5  0.0
6.444000e+08  6.325171e+01  5.631210e+07  0.5  0.5  0.0
6.452000e+08  5.869995e+01  5.535564e+07  0.5  0.5  0.0
6.460000e+08  5.442409e+01  5.440490e+07  0.5  0.5  0.0
6.468000e+08  5.040935e+01  5.345996e+07  0.5  0.5  0.0
6.476000e+08  4.664380e+01  5.252093e+07  0.5  0.5  0.0
#got 1.059980e+00 Msun  0.5  0.0
