# SEDOV SOLUTION ASSUMING E=1, rho_up=1, t=1
#
# In general, you can define S = [rho_up / (E*t^2)]^(1/5), and scale
# the solution using r -> r/S, v -> v / (S*t), rho -> rho * rho_up,
# and P -> P * rho_up / (S*t)^2.
#
# Gamma =  1.40000000E+00
# r_0 (shock location) =  1.03277747E+00
#
# Number of sample points = 1000
# COLUMNS:
# 1 = r
# 2 = v
# 3 = rho
# 4 = P
#
# SOLUTION:
 1.03277747E-03   2.95079276E-04   5.89478590E-23   5.19751502E-02  
 2.06555493E-03   5.90158553E-04   1.06707023E-20   5.19751502E-02  
 3.09833240E-03   8.85237829E-04   2.23294202E-19   5.19751502E-02  
 4.13110987E-03   1.18031711E-03   1.93160344E-18   5.19751502E-02  
 5.16388734E-03   1.47539638E-03   1.02977672E-17   5.19751502E-02  
 6.19666480E-03   1.77047566E-03   4.04205682E-17   5.19751502E-02  
 7.22944227E-03   2.06555493E-03   1.28440899E-16   5.19751502E-02  
 8.26221974E-03   2.36063421E-03   3.49657573E-16   5.19751502E-02  
 9.29499720E-03   2.65571349E-03   8.45837346E-16   5.19751502E-02  
 1.03277747E-02   2.95079276E-03   1.86409498E-15   5.19751502E-02  
 1.13605521E-02   3.24587204E-03   3.80989647E-15   5.19751502E-02  
 1.23933296E-02   3.54095132E-03   7.31690441E-15   5.19751502E-02  
 1.34261071E-02   3.83603059E-03   1.33365402E-14   5.19751502E-02  
 1.44588845E-02   4.13110987E-03   2.32502862E-14   5.19751502E-02  
 1.54916620E-02   4.42618914E-03   3.90078917E-14   5.19751502E-02  
 1.65244395E-02   4.72126842E-03   6.32947816E-14   5.19751502E-02  
 1.75572169E-02   5.01634770E-03   9.97320959E-14   5.19751502E-02  
 1.85899944E-02   5.31142697E-03   1.53112915E-13   5.19751502E-02  
 1.96227719E-02   5.60650625E-03   2.29678341E-13   5.19751502E-02  
 2.06555493E-02   5.90158553E-03   3.37437235E-13   5.19751502E-02  
 2.16883268E-02   6.19666480E-03   4.86533497E-13   5.19751502E-02  
 2.27211043E-02   6.49174408E-03   6.89664929E-13   5.19751502E-02  
 2.37538817E-02   6.78682336E-03   9.62557774E-13   5.19751502E-02  
 2.47866592E-02   7.08190263E-03   1.32450118E-12   5.19751502E-02  
 2.58194367E-02   7.37698191E-03   1.79894589E-12   5.19751502E-02  
 2.68522141E-02   7.67206118E-03   2.41417165E-12   5.19751502E-02  
 2.78849916E-02   7.96714046E-03   3.20402774E-12   5.19751502E-02  
 2.89177691E-02   8.26221974E-03   4.20875137E-12   5.19751502E-02  
 2.99505465E-02   8.55729901E-03   5.47586862E-12   5.19751502E-02  
 3.09833240E-02   8.85237829E-03   7.06118266E-12   5.19751502E-02  
 3.20161015E-02   9.14745757E-03   9.02985423E-12   5.19751502E-02  
 3.30488789E-02   9.44253684E-03   1.14575793E-11   5.19751502E-02  
 3.40816564E-02   9.73761612E-03   1.44318692E-11   5.19751502E-02  
 3.51144339E-02   1.00326954E-02   1.80534378E-11   5.19751502E-02  
 3.61472113E-02   1.03277747E-02   2.24377016E-11   5.19751502E-02  
 3.71799888E-02   1.06228539E-02   2.77163982E-11   5.19751502E-02  
 3.82127663E-02   1.09179332E-02   3.40393271E-11   5.19751502E-02  
 3.92455437E-02   1.12130125E-02   4.15762208E-11   5.19751502E-02  
 4.02783212E-02   1.15080918E-02   5.05187491E-11   5.19751502E-02  
 4.13110987E-02   1.18031711E-02   6.10826642E-11   5.19751502E-02  
 4.23438762E-02   1.20982503E-02   7.35100911E-11   5.19751502E-02  
 4.33766536E-02   1.23933296E-02   8.80719706E-11   5.19751502E-02  
 4.44094311E-02   1.26884089E-02   1.05070658E-10   5.19751502E-02  
 4.54422086E-02   1.29834882E-02   1.24842688E-10   5.19751502E-02  
 4.64749860E-02   1.32785674E-02   1.47761703E-10   5.19751502E-02  
 4.75077635E-02   1.35736467E-02   1.74241569E-10   5.19751502E-02  
 4.85405410E-02   1.38687260E-02   2.04739657E-10   5.19751502E-02  
 4.95733184E-02   1.41638053E-02   2.39760324E-10   5.19751502E-02  
 5.06060959E-02   1.44588845E-02   2.79858586E-10   5.19751502E-02  
 5.16388734E-02   1.47539638E-02   3.25643991E-10   5.19751502E-02  
 5.26716508E-02   1.50490431E-02   3.77784692E-10   5.19751502E-02  
 5.37044283E-02   1.53441224E-02   4.37011749E-10   5.19751502E-02  
 5.47372058E-02   1.56392016E-02   5.04123634E-10   5.19751502E-02  
 5.57699832E-02   1.59342809E-02   5.79990973E-10   5.19751502E-02  
 5.68027607E-02   1.62293602E-02   6.65561523E-10   5.19751502E-02  
 5.78355382E-02   1.65244395E-02   7.61865379E-10   5.19751502E-02  
 5.88683156E-02   1.68195187E-02   8.70020435E-10   5.19751502E-02  
 5.99010931E-02   1.71145980E-02   9.91238102E-10   5.19751502E-02  
 6.09338706E-02   1.74096773E-02   1.12682928E-09   5.19751502E-02  
 6.19666480E-02   1.77047566E-02   1.27821060E-09   5.19751502E-02  
 6.29994255E-02   1.79998359E-02   1.44691093E-09   5.19751502E-02  
 6.40322030E-02   1.82949151E-02   1.63457822E-09   5.19751502E-02  
 6.50649804E-02   1.85899944E-02   1.84298651E-09   5.19751502E-02  
 6.60977579E-02   1.88850737E-02   2.07404340E-09   5.19751502E-02  
 6.71305354E-02   1.91801530E-02   2.32979769E-09   5.19751502E-02  
 6.81633128E-02   1.94752322E-02   2.61244738E-09   5.19751502E-02  
 6.91960903E-02   1.97703115E-02   2.92434802E-09   5.19751502E-02  
 7.02288678E-02   2.00653908E-02   3.26802132E-09   5.19751502E-02  
 7.12616452E-02   2.03604701E-02   3.64616415E-09   5.19751502E-02  
 7.22944227E-02   2.06555493E-02   4.06165785E-09   5.19751502E-02  
 7.33272002E-02   2.09506286E-02   4.51757791E-09   5.19751502E-02  
 7.43599776E-02   2.12457079E-02   5.01720399E-09   5.19751502E-02  
 7.53927551E-02   2.15407872E-02   5.56403030E-09   5.19751502E-02  
 7.64255326E-02   2.18358664E-02   6.16177639E-09   5.19751502E-02  
 7.74583100E-02   2.21309457E-02   6.81439825E-09   5.19751502E-02  
 7.84910875E-02   2.24260250E-02   7.52609989E-09   5.19751502E-02  
 7.95238650E-02   2.27211043E-02   8.30134522E-09   5.19751502E-02  
 8.05566424E-02   2.30161836E-02   9.14487042E-09   5.19751502E-02  
 8.15894199E-02   2.33112628E-02   1.00616967E-08   5.19751502E-02  
 8.26221974E-02   2.36063421E-02   1.10571433E-08   5.19751502E-02  
 8.36549748E-02   2.39014214E-02   1.21368414E-08   5.19751502E-02  
 8.46877523E-02   2.41965007E-02   1.33067479E-08   5.19751502E-02  
 8.57205298E-02   2.44915799E-02   1.45731599E-08   5.19751502E-02  
 8.67533072E-02   2.47866592E-02   1.59427296E-08   5.19751502E-02  
 8.77860847E-02   2.50817385E-02   1.74224802E-08   5.19751502E-02  
 8.88188622E-02   2.53768178E-02   1.90198208E-08   5.19751502E-02  
 8.98516396E-02   2.56718970E-02   2.07425636E-08   5.19751502E-02  
 9.08844171E-02   2.59669763E-02   2.25989404E-08   5.19751502E-02  
 9.19171946E-02   2.62620556E-02   2.45976199E-08   5.19751502E-02  
 9.29499720E-02   2.65571349E-02   2.67477254E-08   5.19751502E-02  
 9.39827495E-02   2.68522141E-02   2.90588537E-08   5.19751502E-02  
 9.50155270E-02   2.71472934E-02   3.15410931E-08   5.19751502E-02  
 9.60483044E-02   2.74423727E-02   3.42050437E-08   5.19751502E-02  
 9.70810819E-02   2.77374520E-02   3.70618367E-08   5.19751502E-02  
 9.81138594E-02   2.80325312E-02   4.01231550E-08   5.19751502E-02  
 9.91466368E-02   2.83276105E-02   4.34012546E-08   5.19751502E-02  
 1.00179414E-01   2.86226898E-02   4.69089857E-08   5.19751502E-02  
 1.01212192E-01   2.89177691E-02   5.06598155E-08   5.19751502E-02  
 1.02244969E-01   2.92128484E-02   5.46678501E-08   5.19751502E-02  
 1.03277747E-01   2.95079276E-02   5.89478590E-08   5.19751502E-02  
 1.04310524E-01   2.98030069E-02   6.35152979E-08   5.19751502E-02  
 1.05343302E-01   3.00980862E-02   6.83863342E-08   5.19751502E-02  
 1.06376079E-01   3.03931655E-02   7.35778717E-08   5.19751502E-02  
 1.07408857E-01   3.06882447E-02   7.91075766E-08   5.19751502E-02  
 1.08441634E-01   3.09833240E-02   8.49939042E-08   5.19751502E-02  
 1.09474412E-01   3.12784033E-02   9.12561254E-08   5.19751502E-02  
 1.10507189E-01   3.15734826E-02   9.79209268E-08   5.19742200E-02  
 1.11539966E-01   3.18685618E-02   1.04992029E-07   5.19748270E-02  
 1.12572744E-01   3.21636411E-02   1.12504146E-07   5.19750942E-02  
 1.13605521E-01   3.24587204E-02   1.20479229E-07   5.19751820E-02  
 1.14638299E-01   3.27537997E-02   1.28937737E-07   5.19754800E-02  
 1.15671076E-01   3.30488790E-02   1.37911299E-07   5.19752573E-02  
 1.16703854E-01   3.33439582E-02   1.47417230E-07   5.19754092E-02  
 1.17736631E-01   3.36390375E-02   1.57496285E-07   5.19746430E-02  
 1.18769409E-01   3.39341168E-02   1.68150980E-07   5.19752279E-02  
 1.19802186E-01   3.42291961E-02   1.79430280E-07   5.19753806E-02  
 1.20834964E-01   3.45242753E-02   1.91368598E-07   5.19748734E-02  
 1.21867741E-01   3.48193546E-02   2.03975921E-07   5.19752839E-02  
 1.22900519E-01   3.51144339E-02   2.17306120E-07   5.19750956E-02  
 1.23933296E-01   3.54095132E-02   2.31377027E-07   5.19753783E-02  
 1.24966074E-01   3.57045924E-02   2.46237784E-07   5.19752658E-02  
 1.25998851E-01   3.59996717E-02   2.61923754E-07   5.19748911E-02  
 1.27031628E-01   3.62947510E-02   2.78458520E-07   5.19750182E-02  
 1.28064406E-01   3.65898303E-02   2.95894427E-07   5.19749553E-02  
 1.29097183E-01   3.68849096E-02   3.14261078E-07   5.19752313E-02  
 1.30129961E-01   3.71799888E-02   3.33615942E-07   5.19751608E-02  
 1.31162738E-01   3.74750681E-02   3.53994018E-07   5.19751510E-02  
 1.32195516E-01   3.77701474E-02   3.75437684E-07   5.19753082E-02  
 1.33228293E-01   3.80652267E-02   3.98006405E-07   5.19751760E-02  
 1.34261071E-01   3.83603059E-02   4.21737227E-07   5.19751899E-02  
 1.35293848E-01   3.86553852E-02   4.46683806E-07   5.19752316E-02  
 1.36326626E-01   3.89504645E-02   4.72906052E-07   5.19750754E-02  
 1.37359403E-01   3.92455438E-02   5.00442824E-07   5.19751784E-02  
 1.38392181E-01   3.95406231E-02   5.29365830E-07   5.19750904E-02  
 1.39424958E-01   3.98357023E-02   5.59717510E-07   5.19752273E-02  
 1.40457736E-01   4.01307816E-02   5.91571735E-07   5.19752282E-02  
 1.41490513E-01   4.04258609E-02   6.24990391E-07   5.19751170E-02  
 1.42523290E-01   4.07209402E-02   6.60023983E-07   5.19751974E-02  
 1.43556068E-01   4.10160195E-02   6.96752799E-07   5.19751606E-02  
 1.44588845E-01   4.13110987E-02   7.35237307E-07   5.19751751E-02  
 1.45621623E-01   4.16061780E-02   7.75550769E-07   5.19751873E-02  
 1.46654400E-01   4.19012573E-02   8.17770025E-07   5.19751325E-02  
 1.47687178E-01   4.21963366E-02   8.61961494E-07   5.19751651E-02  
 1.48719955E-01   4.24914159E-02   9.08210074E-07   5.19751639E-02  
 1.49752733E-01   4.27864951E-02   9.56596967E-07   5.19751205E-02  
 1.50785510E-01   4.30815744E-02   1.00719963E-06   5.19751156E-02  
 1.51818288E-01   4.33766537E-02   1.06010621E-06   5.19751084E-02  
 1.52851065E-01   4.36717330E-02   1.11540046E-06   5.19751535E-02  
 1.53883843E-01   4.39668123E-02   1.17318358E-06   5.19751214E-02  
 1.54916620E-01   4.42618916E-02   1.23353805E-06   5.19751487E-02  
 1.55949398E-01   4.45569708E-02   1.29657000E-06   5.19751246E-02  
 1.56982175E-01   4.48520501E-02   1.36236722E-06   5.19751754E-02  
 1.58014952E-01   4.51471294E-02   1.43104679E-06   5.19751491E-02  
 1.59047730E-01   4.54422087E-02   1.50270728E-06   5.19751210E-02  
 1.60080507E-01   4.57372880E-02   1.57744928E-06   5.19751631E-02  
 1.61113285E-01   4.60323673E-02   1.65540113E-06   5.19751282E-02  
 1.62146062E-01   4.63274466E-02   1.73666002E-06   5.19751714E-02  
 1.63178840E-01   4.66225259E-02   1.82136266E-06   5.19751438E-02  
 1.64211617E-01   4.69176052E-02   1.90961495E-06   5.19751728E-02  
 1.65244395E-01   4.72126844E-02   2.00155494E-06   5.19751641E-02  
 1.66277172E-01   4.75077637E-02   2.09730864E-06   5.19751442E-02  
 1.67309950E-01   4.78028430E-02   2.19700242E-06   5.19751554E-02  
 1.68342727E-01   4.80979223E-02   2.30078079E-06   5.19751464E-02  
 1.69375505E-01   4.83930016E-02   2.40877660E-06   5.19751640E-02  
 1.70408282E-01   4.86880809E-02   2.52114524E-06   5.19751443E-02  
 1.71441060E-01   4.89831602E-02   2.63802459E-06   5.19751478E-02  
 1.72473837E-01   4.92782395E-02   2.75956925E-06   5.19751612E-02  
 1.73506614E-01   4.95733188E-02   2.88594359E-06   5.19751466E-02  
 1.74539392E-01   4.98683981E-02   3.01730001E-06   5.19751472E-02  
 1.75572169E-01   5.01634774E-02   3.15380623E-06   5.19751509E-02  
 1.76604947E-01   5.04585567E-02   3.29563374E-06   5.19751506E-02  
 1.77637724E-01   5.07536360E-02   3.44295756E-06   5.19751442E-02  
 1.78670502E-01   5.10487153E-02   3.59595100E-06   5.19751548E-02  
 1.79703279E-01   5.13437946E-02   3.75480607E-06   5.19751500E-02  
 1.80736057E-01   5.16388739E-02   3.91970726E-06   5.19751464E-02  
 1.81768834E-01   5.19339533E-02   4.09084678E-06   5.19751486E-02  
 1.82801612E-01   5.22290326E-02   4.26842405E-06   5.19751534E-02  
 1.83834389E-01   5.25241119E-02   4.45264567E-06   5.19751517E-02  
 1.84867167E-01   5.28191912E-02   4.64371977E-06   5.19751471E-02  
 1.85899944E-01   5.31142705E-02   4.84185619E-06   5.19751529E-02  
 1.86932722E-01   5.34093499E-02   5.04728032E-06   5.19751526E-02  
 1.87965499E-01   5.37044292E-02   5.26021366E-06   5.19751573E-02  
 1.88998276E-01   5.39995085E-02   5.48089263E-06   5.19751529E-02  
 1.90031054E-01   5.42945878E-02   5.70954922E-06   5.19751524E-02  
 1.91063831E-01   5.45896672E-02   5.94642485E-06   5.19751583E-02  
 1.92096609E-01   5.48847465E-02   6.19177458E-06   5.19751559E-02  
 1.93129386E-01   5.51798259E-02   6.44584817E-06   5.19751573E-02  
 1.94162164E-01   5.54749052E-02   6.70890835E-06   5.19751587E-02  
 1.95194941E-01   5.57699846E-02   6.98122556E-06   5.19751543E-02  
 1.96227719E-01   5.60650639E-02   7.26306900E-06   5.19751540E-02  
 1.97260496E-01   5.63601433E-02   7.55471918E-06   5.19751573E-02  
 1.98293274E-01   5.66552226E-02   7.85646791E-06   5.19751560E-02  
 1.99326051E-01   5.69503020E-02   8.16860452E-06   5.19751587E-02  
 2.00358829E-01   5.72453814E-02   8.49143282E-06   5.19751607E-02  
 2.01391606E-01   5.75404607E-02   8.82526243E-06   5.19751600E-02  
 2.02424384E-01   5.78355401E-02   9.17040774E-06   5.19751583E-02  
 2.03457161E-01   5.81306195E-02   9.52718838E-06   5.19751606E-02  
 2.04489938E-01   5.84256989E-02   9.89594045E-06   5.19751582E-02  
 2.05522716E-01   5.87207783E-02   1.02769961E-05   5.19751597E-02  
 2.06555493E-01   5.90158577E-02   1.06707033E-05   5.19751616E-02  
 2.07588271E-01   5.93109371E-02   1.10774170E-05   5.19751623E-02  
 2.08621048E-01   5.96060165E-02   1.14974991E-05   5.19751617E-02  
 2.09653826E-01   5.99010959E-02   1.19313182E-05   5.19751615E-02  
 2.10686603E-01   6.01961753E-02   1.23792522E-05   5.19751618E-02  
 2.11719381E-01   6.04912548E-02   1.28416889E-05   5.19751614E-02  
 2.12752158E-01   6.07863342E-02   1.33190212E-05   5.19751632E-02  
 2.13784936E-01   6.10814137E-02   1.38116577E-05   5.19751621E-02  
 2.14817713E-01   6.13764931E-02   1.43200040E-05   5.19751657E-02  
 2.15850491E-01   6.16715726E-02   1.48444919E-05   5.19751646E-02  
 2.16883268E-01   6.19666521E-02   1.53855453E-05   5.19751658E-02  
 2.17916046E-01   6.22617315E-02   1.59436094E-05   5.19751651E-02  
 2.18948823E-01   6.25568110E-02   1.65191286E-05   5.19751678E-02  
 2.19981600E-01   6.28518905E-02   1.71125707E-05   5.19751672E-02  
 2.21014378E-01   6.31469700E-02   1.77243978E-05   5.19751696E-02  
 2.22047155E-01   6.34420496E-02   1.83550981E-05   5.19751684E-02  
 2.23079933E-01   6.37371291E-02   1.90051538E-05   5.19751697E-02  
 2.24112710E-01   6.40322086E-02   1.96750679E-05   5.19751715E-02  
 2.25145488E-01   6.43272882E-02   2.03653537E-05   5.19751721E-02  
 2.26178265E-01   6.46223678E-02   2.10765307E-05   5.19751731E-02  
 2.27211043E-01   6.49174473E-02   2.18091309E-05   5.19751748E-02  
 2.28243820E-01   6.52125269E-02   2.25637016E-05   5.19751748E-02  
 2.29276598E-01   6.55076066E-02   2.33407916E-05   5.19751770E-02  
 2.30309375E-01   6.58026862E-02   2.41409734E-05   5.19751775E-02  
 2.31342153E-01   6.60977658E-02   2.49648201E-05   5.19751791E-02  
 2.32374930E-01   6.63928455E-02   2.58129242E-05   5.19751801E-02  
 2.33407708E-01   6.66879251E-02   2.66858871E-05   5.19751809E-02  
 2.34440485E-01   6.69830048E-02   2.75843192E-05   5.19751829E-02  
 2.35473262E-01   6.72780845E-02   2.85088507E-05   5.19751842E-02  
 2.36506040E-01   6.75731643E-02   2.94601198E-05   5.19751850E-02  
 2.37538817E-01   6.78682440E-02   3.04387744E-05   5.19751869E-02  
 2.38571595E-01   6.81633238E-02   3.14454810E-05   5.19751889E-02  
 2.39604372E-01   6.84584036E-02   3.24809178E-05   5.19751906E-02  
 2.40637150E-01   6.87534834E-02   3.35457772E-05   5.19751914E-02  
 2.41669927E-01   6.90485632E-02   3.46407590E-05   5.19751931E-02  
 2.42702705E-01   6.93436430E-02   3.57665822E-05   5.19751952E-02  
 2.43735482E-01   6.96387229E-02   3.69239806E-05   5.19751971E-02  
 2.44768260E-01   6.99338028E-02   3.81136995E-05   5.19751990E-02  
 2.45801037E-01   7.02288827E-02   3.93364985E-05   5.19752013E-02  
 2.46833815E-01   7.05239627E-02   4.05931556E-05   5.19752029E-02  
 2.47866592E-01   7.08190427E-02   4.18844558E-05   5.19752054E-02  
 2.48899370E-01   7.11141227E-02   4.32112074E-05   5.19752078E-02  
 2.49932147E-01   7.14092027E-02   4.45742294E-05   5.19752102E-02  
 2.50964925E-01   7.17042828E-02   4.59743598E-05   5.19752121E-02  
 2.51997702E-01   7.19993629E-02   4.74124439E-05   5.19752151E-02  
 2.53030479E-01   7.22944430E-02   4.88893548E-05   5.19752176E-02  
 2.54063257E-01   7.25895232E-02   5.04059743E-05   5.19752198E-02  
 2.55096034E-01   7.28846034E-02   5.19631999E-05   5.19752226E-02  
 2.56128812E-01   7.31796836E-02   5.35619471E-05   5.19752259E-02  
 2.57161589E-01   7.34747639E-02   5.52031535E-05   5.19752286E-02  
 2.58194367E-01   7.37698442E-02   5.68877650E-05   5.19752319E-02  
 2.59227144E-01   7.40649245E-02   5.86167536E-05   5.19752346E-02  
 2.60259922E-01   7.43600049E-02   6.03910982E-05   5.19752382E-02  
 2.61292699E-01   7.46550854E-02   6.22118070E-05   5.19752414E-02  
 2.62325477E-01   7.49501658E-02   6.40798988E-05   5.19752448E-02  
 2.63358254E-01   7.52452464E-02   6.59964125E-05   5.19752485E-02  
 2.64391032E-01   7.55403269E-02   6.79624063E-05   5.19752523E-02  
 2.65423809E-01   7.58354076E-02   6.99789590E-05   5.19752559E-02  
 2.66456587E-01   7.61304882E-02   7.20471623E-05   5.19752601E-02  
 2.67489364E-01   7.64255690E-02   7.41681342E-05   5.19752642E-02  
 2.68522141E-01   7.67206497E-02   7.63430086E-05   5.19752685E-02  
 2.69554919E-01   7.70157306E-02   7.85729418E-05   5.19752728E-02  
 2.70587696E-01   7.73108115E-02   8.08591068E-05   5.19752772E-02  
 2.71620474E-01   7.76058924E-02   8.32026973E-05   5.19752821E-02  
 2.72653251E-01   7.79009734E-02   8.56049334E-05   5.19752868E-02  
 2.73686029E-01   7.81960545E-02   8.80670496E-05   5.19752918E-02  
 2.74718806E-01   7.84911357E-02   9.05903030E-05   5.19752971E-02  
 2.75751584E-01   7.87862169E-02   9.31759747E-05   5.19753025E-02  
 2.76784361E-01   7.90812982E-02   9.58253685E-05   5.19753078E-02  
 2.77817139E-01   7.93763795E-02   9.85398040E-05   5.19753136E-02  
 2.78849916E-01   7.96714609E-02   1.01320631E-04   5.19753194E-02  
 2.79882694E-01   7.99665424E-02   1.04169214E-04   5.19753255E-02  
 2.80915471E-01   8.02616240E-02   1.07086951E-04   5.19753316E-02  
 2.81948249E-01   8.05567057E-02   1.10075252E-04   5.19753380E-02  
 2.82981026E-01   8.08517874E-02   1.13135556E-04   5.19753448E-02  
 2.84013803E-01   8.11468693E-02   1.16269329E-04   5.19753516E-02  
 2.85046581E-01   8.14419512E-02   1.19478055E-04   5.19753587E-02  
 2.86079358E-01   8.17370332E-02   1.22763247E-04   5.19753660E-02  
 2.87112136E-01   8.20321154E-02   1.26126440E-04   5.19753735E-02  
 2.88144913E-01   8.23271976E-02   1.29569197E-04   5.19753813E-02  
 2.89177691E-01   8.26222799E-02   1.33093104E-04   5.19753893E-02  
 2.90210468E-01   8.29173623E-02   1.36699775E-04   5.19753974E-02  
 2.91243246E-01   8.32124449E-02   1.40390846E-04   5.19754059E-02  
 2.92276023E-01   8.35075275E-02   1.44167985E-04   5.19754147E-02  
 2.93308801E-01   8.38026103E-02   1.48032884E-04   5.19754237E-02  
 2.94341578E-01   8.40976931E-02   1.51987261E-04   5.19754330E-02  
 2.95374356E-01   8.43927761E-02   1.56032863E-04   5.19754426E-02  
 2.96407133E-01   8.46878593E-02   1.60171465E-04   5.19754524E-02  
 2.97439911E-01   8.49829425E-02   1.64404869E-04   5.19754627E-02  
 2.98472688E-01   8.52780259E-02   1.68734909E-04   5.19754730E-02  
 2.99505465E-01   8.55731094E-02   1.73163441E-04   5.19754838E-02  
 3.00538243E-01   8.58681931E-02   1.77692356E-04   5.19754949E-02  
 3.01571020E-01   8.61632769E-02   1.82323573E-04   5.19755064E-02  
 3.02603798E-01   8.64583609E-02   1.87059041E-04   5.19755181E-02  
 3.03636575E-01   8.67534450E-02   1.91900738E-04   5.19755302E-02  
 3.04669353E-01   8.70485293E-02   1.96850672E-04   5.19755428E-02  
 3.05702130E-01   8.73436137E-02   2.01910888E-04   5.19755556E-02  
 3.06734908E-01   8.76386983E-02   2.07083456E-04   5.19755687E-02  
 3.07767685E-01   8.79337831E-02   2.12370478E-04   5.19755823E-02  
 3.08800463E-01   8.82288681E-02   2.17774091E-04   5.19755963E-02  
 3.09833240E-01   8.85239532E-02   2.23296462E-04   5.19756107E-02  
 3.10866018E-01   8.88190385E-02   2.28939796E-04   5.19756255E-02  
 3.11898795E-01   8.91141241E-02   2.34706325E-04   5.19756406E-02  
 3.12931573E-01   8.94092098E-02   2.40598315E-04   5.19756563E-02  
 3.13964350E-01   8.97042957E-02   2.46618073E-04   5.19756724E-02  
 3.14997127E-01   8.99993819E-02   2.52767933E-04   5.19756889E-02  
 3.16029905E-01   9.02944682E-02   2.59050265E-04   5.19757060E-02  
 3.17062682E-01   9.05895548E-02   2.65467479E-04   5.19757235E-02  
 3.18095460E-01   9.08846416E-02   2.72022017E-04   5.19757414E-02  
 3.19128237E-01   9.11797287E-02   2.78716355E-04   5.19757600E-02  
 3.20161015E-01   9.14748160E-02   2.85553011E-04   5.19757790E-02  
 3.21193792E-01   9.17699035E-02   2.92534535E-04   5.19757985E-02  
 3.22226570E-01   9.20649913E-02   2.99663518E-04   5.19758186E-02  
 3.23259347E-01   9.23600794E-02   3.06942586E-04   5.19758392E-02  
 3.24292125E-01   9.26551677E-02   3.14374404E-04   5.19758604E-02  
 3.25324902E-01   9.29502563E-02   3.21961676E-04   5.19758822E-02  
 3.26357680E-01   9.32453452E-02   3.29707146E-04   5.19759045E-02  
 3.27390457E-01   9.35404344E-02   3.37613594E-04   5.19759276E-02  
 3.28423235E-01   9.38355239E-02   3.45683845E-04   5.19759512E-02  
 3.29456012E-01   9.41306137E-02   3.53920761E-04   5.19759754E-02  
 3.30488789E-01   9.44257038E-02   3.62327245E-04   5.19760003E-02  
 3.31521567E-01   9.47207942E-02   3.70906242E-04   5.19760259E-02  
 3.32554344E-01   9.50158850E-02   3.79660737E-04   5.19760522E-02  
 3.33587122E-01   9.53109761E-02   3.88593762E-04   5.19760791E-02  
 3.34619899E-01   9.56060676E-02   3.97708385E-04   5.19761068E-02  
 3.35652677E-01   9.59011595E-02   4.07007722E-04   5.19761352E-02  
 3.36685454E-01   9.61962517E-02   4.16494932E-04   5.19761644E-02  
 3.37718232E-01   9.64913443E-02   4.26173217E-04   5.19761943E-02  
 3.38751009E-01   9.67864373E-02   4.36045821E-04   5.19762251E-02  
 3.39783787E-01   9.70815307E-02   4.46116038E-04   5.19762566E-02  
 3.40816564E-01   9.73766245E-02   4.56387204E-04   5.19762890E-02  
 3.41849342E-01   9.76717187E-02   4.66862705E-04   5.19763222E-02  
 3.42882119E-01   9.79668134E-02   4.77545966E-04   5.19763563E-02  
 3.43914897E-01   9.82619085E-02   4.88440468E-04   5.19763912E-02  
 3.44947674E-01   9.85570040E-02   4.99549732E-04   5.19764271E-02  
 3.45980451E-01   9.88521001E-02   5.10877333E-04   5.19764639E-02  
 3.47013229E-01   9.91471966E-02   5.22426889E-04   5.19765016E-02  
 3.48046006E-01   9.94422936E-02   5.34202071E-04   5.19765403E-02  
 3.49078784E-01   9.97373912E-02   5.46206597E-04   5.19765800E-02  
 3.50111561E-01   1.00032489E-01   5.58444239E-04   5.19766207E-02  
 3.51144339E-01   1.00327588E-01   5.70918814E-04   5.19766624E-02  
 3.52177116E-01   1.00622687E-01   5.83634193E-04   5.19767052E-02  
 3.53209894E-01   1.00917787E-01   5.96594300E-04   5.19767491E-02  
 3.54242671E-01   1.01212887E-01   6.09803109E-04   5.19767940E-02  
 3.55275449E-01   1.01507988E-01   6.23264647E-04   5.19768401E-02  
 3.56308226E-01   1.01803089E-01   6.36982994E-04   5.19768874E-02  
 3.57341004E-01   1.02098191E-01   6.50962287E-04   5.19769358E-02  
 3.58373781E-01   1.02393294E-01   6.65206712E-04   5.19769855E-02  
 3.59406559E-01   1.02688397E-01   6.79720513E-04   5.19770363E-02  
 3.60439336E-01   1.02983501E-01   6.94507991E-04   5.19770884E-02  
 3.61472113E-01   1.03278606E-01   7.09573499E-04   5.19771419E-02  
 3.62504891E-01   1.03573711E-01   7.24921451E-04   5.19771966E-02  
 3.63537668E-01   1.03868818E-01   7.40556314E-04   5.19772526E-02  
 3.64570446E-01   1.04163924E-01   7.56482615E-04   5.19773101E-02  
 3.65603223E-01   1.04459032E-01   7.72704940E-04   5.19773689E-02  
 3.66636001E-01   1.04754140E-01   7.89227931E-04   5.19774292E-02  
 3.67668778E-01   1.05049250E-01   8.06056293E-04   5.19774909E-02  
 3.68701556E-01   1.05344360E-01   8.23194789E-04   5.19775541E-02  
 3.69734333E-01   1.05639470E-01   8.40648243E-04   5.19776189E-02  
 3.70767111E-01   1.05934582E-01   8.58421542E-04   5.19776852E-02  
 3.71799888E-01   1.06229695E-01   8.76519630E-04   5.19777531E-02  
 3.72832666E-01   1.06524808E-01   8.94947521E-04   5.19778225E-02  
 3.73865443E-01   1.06819922E-01   9.13710285E-04   5.19778937E-02  
 3.74898221E-01   1.07115038E-01   9.32813060E-04   5.19779666E-02  
 3.75930998E-01   1.07410154E-01   9.52261047E-04   5.19780411E-02  
 3.76963775E-01   1.07705271E-01   9.72059513E-04   5.19781175E-02  
 3.77996553E-01   1.08000389E-01   9.92213789E-04   5.19781956E-02  
 3.79029330E-01   1.08295508E-01   1.01272927E-03   5.19782756E-02  
 3.80062108E-01   1.08590629E-01   1.03361143E-03   5.19783575E-02  
 3.81094885E-01   1.08885750E-01   1.05486579E-03   5.19784412E-02  
 3.82127663E-01   1.09180872E-01   1.07649796E-03   5.19785269E-02  
 3.83160440E-01   1.09475996E-01   1.09851361E-03   5.19786146E-02  
 3.84193218E-01   1.09771121E-01   1.12091847E-03   5.19787044E-02  
 3.85225995E-01   1.10066247E-01   1.14371835E-03   5.19787962E-02  
 3.86258773E-01   1.10361374E-01   1.16691915E-03   5.19788901E-02  
 3.87291550E-01   1.10656502E-01   1.19052680E-03   5.19789862E-02  
 3.88324328E-01   1.10951631E-01   1.21454733E-03   5.19790845E-02  
 3.89357105E-01   1.11246762E-01   1.23898684E-03   5.19791851E-02  
 3.90389883E-01   1.11541894E-01   1.26385149E-03   5.19792879E-02  
 3.91422660E-01   1.11837028E-01   1.28914755E-03   5.19793931E-02  
 3.92455437E-01   1.12132163E-01   1.31488131E-03   5.19795006E-02  
 3.93488215E-01   1.12427299E-01   1.34105919E-03   5.19796106E-02  
 3.94520992E-01   1.12722437E-01   1.36768765E-03   5.19797231E-02  
 3.95553770E-01   1.13017576E-01   1.39477324E-03   5.19798381E-02  
 3.96586547E-01   1.13312717E-01   1.42232259E-03   5.19799557E-02  
 3.97619325E-01   1.13607859E-01   1.45034240E-03   5.19800759E-02  
 3.98652102E-01   1.13903003E-01   1.47883946E-03   5.19801988E-02  
 3.99684880E-01   1.14198148E-01   1.50782064E-03   5.19803245E-02  
 4.00717657E-01   1.14493295E-01   1.53729287E-03   5.19804529E-02  
 4.01750435E-01   1.14788444E-01   1.56726319E-03   5.19805842E-02  
 4.02783212E-01   1.15083595E-01   1.59773872E-03   5.19807183E-02  
 4.03815990E-01   1.15378747E-01   1.62872663E-03   5.19808555E-02  
 4.04848767E-01   1.15673901E-01   1.66023420E-03   5.19809956E-02  
 4.05881545E-01   1.15969057E-01   1.69226881E-03   5.19811389E-02  
 4.06914322E-01   1.16264214E-01   1.72483788E-03   5.19812852E-02  
 4.07947099E-01   1.16559374E-01   1.75794897E-03   5.19814347E-02  
 4.08979877E-01   1.16854536E-01   1.79160968E-03   5.19815876E-02  
 4.10012654E-01   1.17149699E-01   1.82582772E-03   5.19817437E-02  
 4.11045432E-01   1.17444865E-01   1.86061090E-03   5.19819032E-02  
 4.12078209E-01   1.17740033E-01   1.89596708E-03   5.19820661E-02  
 4.13110987E-01   1.18035203E-01   1.93190426E-03   5.19822325E-02  
 4.14143764E-01   1.18330375E-01   1.96843048E-03   5.19824026E-02  
 4.15176542E-01   1.18625549E-01   2.00555393E-03   5.19825762E-02  
 4.16209319E-01   1.18920725E-01   2.04328283E-03   5.19827536E-02  
 4.17242097E-01   1.19215904E-01   2.08162554E-03   5.19829348E-02  
 4.18274874E-01   1.19511086E-01   2.12059049E-03   5.19831198E-02  
 4.19307652E-01   1.19806269E-01   2.16018622E-03   5.19833087E-02  
 4.20340429E-01   1.20101455E-01   2.20042136E-03   5.19835017E-02  
 4.21373207E-01   1.20396644E-01   2.24130462E-03   5.19836987E-02  
 4.22405984E-01   1.20691835E-01   2.28284484E-03   5.19838998E-02  
 4.23438762E-01   1.20987029E-01   2.32505093E-03   5.19841052E-02  
 4.24471539E-01   1.21282225E-01   2.36793191E-03   5.19843149E-02  
 4.25504316E-01   1.21577425E-01   2.41149692E-03   5.19845290E-02  
 4.26537094E-01   1.21872627E-01   2.45575516E-03   5.19847475E-02  
 4.27569871E-01   1.22167832E-01   2.50071596E-03   5.19849706E-02  
 4.28602649E-01   1.22463040E-01   2.54638875E-03   5.19851983E-02  
 4.29635426E-01   1.22758250E-01   2.59278306E-03   5.19854307E-02  
 4.30668204E-01   1.23053464E-01   2.63990852E-03   5.19856680E-02  
 4.31700981E-01   1.23348681E-01   2.68777488E-03   5.19859101E-02  
 4.32733759E-01   1.23643901E-01   2.73639197E-03   5.19861572E-02  
 4.33766536E-01   1.23939125E-01   2.78576977E-03   5.19864093E-02  
 4.34799314E-01   1.24234351E-01   2.83591832E-03   5.19866666E-02  
 4.35832091E-01   1.24529581E-01   2.88684781E-03   5.19869292E-02  
 4.36864869E-01   1.24824815E-01   2.93856851E-03   5.19871971E-02  
 4.37897646E-01   1.25120052E-01   2.99109081E-03   5.19874704E-02  
 4.38930424E-01   1.25415292E-01   3.04442523E-03   5.19877493E-02  
 4.39963201E-01   1.25710537E-01   3.09858237E-03   5.19880338E-02  
 4.40995978E-01   1.26005784E-01   3.15357299E-03   5.19883241E-02  
 4.42028756E-01   1.26301036E-01   3.20940791E-03   5.19886202E-02  
 4.43061533E-01   1.26596292E-01   3.26609811E-03   5.19889222E-02  
 4.44094311E-01   1.26891551E-01   3.32365466E-03   5.19892303E-02  
 4.45127088E-01   1.27186815E-01   3.38208876E-03   5.19895445E-02  
 4.46159866E-01   1.27482082E-01   3.44141174E-03   5.19898650E-02  
 4.47192643E-01   1.27777354E-01   3.50163503E-03   5.19901919E-02  
 4.48225421E-01   1.28072630E-01   3.56277019E-03   5.19905252E-02  
 4.49258198E-01   1.28367911E-01   3.62482889E-03   5.19908652E-02  
 4.50290976E-01   1.28663196E-01   3.68782295E-03   5.19912119E-02  
 4.51323753E-01   1.28958485E-01   3.75176428E-03   5.19915653E-02  
 4.52356531E-01   1.29253779E-01   3.81666495E-03   5.19919258E-02  
 4.53389308E-01   1.29549078E-01   3.88253714E-03   5.19922933E-02  
 4.54422086E-01   1.29844381E-01   3.94939314E-03   5.19926680E-02  
 4.55454863E-01   1.30139690E-01   4.01724539E-03   5.19930500E-02  
 4.56487640E-01   1.30435003E-01   4.08610646E-03   5.19934394E-02  
 4.57520418E-01   1.30730322E-01   4.15598905E-03   5.19938364E-02  
 4.58553195E-01   1.31025645E-01   4.22690597E-03   5.19942411E-02  
 4.59585973E-01   1.31320974E-01   4.29887019E-03   5.19946537E-02  
 4.60618750E-01   1.31616309E-01   4.37189480E-03   5.19950742E-02  
 4.61651528E-01   1.31911649E-01   4.44599303E-03   5.19955028E-02  
 4.62684305E-01   1.32206994E-01   4.52117824E-03   5.19959396E-02  
 4.63717083E-01   1.32502345E-01   4.59746394E-03   5.19963848E-02  
 4.64749860E-01   1.32797702E-01   4.67486375E-03   5.19968385E-02  
 4.65782638E-01   1.33093065E-01   4.75339147E-03   5.19973009E-02  
 4.66815415E-01   1.33388434E-01   4.83306100E-03   5.19977720E-02  
 4.67848193E-01   1.33683809E-01   4.91388642E-03   5.19982522E-02  
 4.68880970E-01   1.33979191E-01   4.99588192E-03   5.19987414E-02  
 4.69913748E-01   1.34274578E-01   5.07906185E-03   5.19992399E-02  
 4.70946525E-01   1.34569973E-01   5.16344071E-03   5.19997478E-02  
 4.71979302E-01   1.34865373E-01   5.24903313E-03   5.20002652E-02  
 4.73012080E-01   1.35160781E-01   5.33585391E-03   5.20007924E-02  
 4.74044857E-01   1.35456196E-01   5.42391797E-03   5.20013294E-02  
 4.75077635E-01   1.35751617E-01   5.51324041E-03   5.20018766E-02  
 4.76110412E-01   1.36047046E-01   5.60383646E-03   5.20024339E-02  
 4.77143190E-01   1.36342482E-01   5.69572152E-03   5.20030016E-02  
 4.78175967E-01   1.36637925E-01   5.78891113E-03   5.20035798E-02  
 4.79208745E-01   1.36933376E-01   5.88342099E-03   5.20041688E-02  
 4.80241522E-01   1.37228835E-01   5.97926695E-03   5.20047687E-02  
 4.81274300E-01   1.37524301E-01   6.07646502E-03   5.20053796E-02  
 4.82307077E-01   1.37819776E-01   6.17503139E-03   5.20060018E-02  
 4.83339855E-01   1.38115258E-01   6.27498239E-03   5.20066355E-02  
 4.84372632E-01   1.38410749E-01   6.37633450E-03   5.20072808E-02  
 4.85405410E-01   1.38706248E-01   6.47910438E-03   5.20079379E-02  
 4.86438187E-01   1.39001756E-01   6.58330887E-03   5.20086070E-02  
 4.87470964E-01   1.39297273E-01   6.68896493E-03   5.20092883E-02  
 4.88503742E-01   1.39592798E-01   6.79608974E-03   5.20099820E-02  
 4.89536519E-01   1.39888332E-01   6.90470061E-03   5.20106883E-02  
 4.90569297E-01   1.40183876E-01   7.01481503E-03   5.20114073E-02  
 4.91602074E-01   1.40479429E-01   7.12645067E-03   5.20121394E-02  
 4.92634852E-01   1.40774992E-01   7.23962536E-03   5.20128847E-02  
 4.93667629E-01   1.41070564E-01   7.35435711E-03   5.20136434E-02  
 4.94700407E-01   1.41366146E-01   7.47066410E-03   5.20144158E-02  
 4.95733184E-01   1.41661739E-01   7.58856471E-03   5.20152019E-02  
 4.96765962E-01   1.41957341E-01   7.70807746E-03   5.20160022E-02  
 4.97798739E-01   1.42252954E-01   7.82922107E-03   5.20168167E-02  
 4.98831517E-01   1.42548578E-01   7.95201445E-03   5.20176458E-02  
 4.99864294E-01   1.42844213E-01   8.07647668E-03   5.20184896E-02  
 5.00897072E-01   1.43139858E-01   8.20262702E-03   5.20193483E-02  
 5.01929849E-01   1.43435515E-01   8.33048493E-03   5.20202223E-02  
 5.02962626E-01   1.43731183E-01   8.46007004E-03   5.20211117E-02  
 5.03995404E-01   1.44026862E-01   8.59140219E-03   5.20220168E-02  
 5.05028181E-01   1.44322554E-01   8.72450138E-03   5.20229378E-02  
 5.06060959E-01   1.44618257E-01   8.85938783E-03   5.20238750E-02  
 5.07093736E-01   1.44913973E-01   8.99608195E-03   5.20248287E-02  
 5.08126514E-01   1.45209701E-01   9.13460431E-03   5.20257990E-02  
 5.09159291E-01   1.45505442E-01   9.27497573E-03   5.20267862E-02  
 5.10192069E-01   1.45801196E-01   9.41721718E-03   5.20277907E-02  
 5.11224846E-01   1.46096962E-01   9.56134987E-03   5.20288126E-02  
 5.12257624E-01   1.46392742E-01   9.70739518E-03   5.20298523E-02  
 5.13290401E-01   1.46688536E-01   9.85537470E-03   5.20309099E-02  
 5.14323179E-01   1.46984343E-01   1.00053102E-02   5.20319858E-02  
 5.15355956E-01   1.47280165E-01   1.01572238E-02   5.20330803E-02  
 5.16388734E-01   1.47576001E-01   1.03111376E-02   5.20341937E-02  
 5.17421511E-01   1.47871851E-01   1.04670740E-02   5.20353261E-02  
 5.18454288E-01   1.48167716E-01   1.06250557E-02   5.20364780E-02  
 5.19487066E-01   1.48463596E-01   1.07851056E-02   5.20376496E-02  
 5.20519843E-01   1.48759491E-01   1.09472466E-02   5.20388412E-02  
 5.21552621E-01   1.49055402E-01   1.11115021E-02   5.20400531E-02  
 5.22585398E-01   1.49351328E-01   1.12778955E-02   5.20412856E-02  
 5.23618176E-01   1.49647271E-01   1.14464507E-02   5.20425391E-02  
 5.24650953E-01   1.49943230E-01   1.16171914E-02   5.20438138E-02  
 5.25683731E-01   1.50239205E-01   1.17901419E-02   5.20451100E-02  
 5.26716508E-01   1.50535198E-01   1.19653265E-02   5.20464282E-02  
 5.27749286E-01   1.50831207E-01   1.21427699E-02   5.20477685E-02  
 5.28782063E-01   1.51127235E-01   1.23224970E-02   5.20491314E-02  
 5.29814841E-01   1.51423279E-01   1.25045326E-02   5.20505172E-02  
 5.30847618E-01   1.51719342E-01   1.26889023E-02   5.20519261E-02  
 5.31880396E-01   1.52015424E-01   1.28756315E-02   5.20533587E-02  
 5.32913173E-01   1.52311523E-01   1.30647460E-02   5.20548151E-02  
 5.33945950E-01   1.52607642E-01   1.32562718E-02   5.20562958E-02  
 5.34978728E-01   1.52903780E-01   1.34502351E-02   5.20578011E-02  
 5.36011505E-01   1.53199938E-01   1.36466625E-02   5.20593314E-02  
 5.37044283E-01   1.53496116E-01   1.38455807E-02   5.20608870E-02  
 5.38077060E-01   1.53792314E-01   1.40470167E-02   5.20624683E-02  
 5.39109838E-01   1.54088532E-01   1.42509977E-02   5.20640757E-02  
 5.40142615E-01   1.54384772E-01   1.44575512E-02   5.20657096E-02  
 5.41175393E-01   1.54681032E-01   1.46667050E-02   5.20673704E-02  
 5.42208170E-01   1.54977315E-01   1.48784870E-02   5.20690584E-02  
 5.43240948E-01   1.55273619E-01   1.50929255E-02   5.20707740E-02  
 5.44273725E-01   1.55569945E-01   1.53100491E-02   5.20725177E-02  
 5.45306503E-01   1.55866295E-01   1.55298864E-02   5.20742898E-02  
 5.46339280E-01   1.56162667E-01   1.57524665E-02   5.20760908E-02  
 5.47372058E-01   1.56459063E-01   1.59778187E-02   5.20779211E-02  
 5.48404835E-01   1.56755483E-01   1.62059727E-02   5.20797810E-02  
 5.49437612E-01   1.57051926E-01   1.64369581E-02   5.20816711E-02  
 5.50470390E-01   1.57348395E-01   1.66708052E-02   5.20835917E-02  
 5.51503167E-01   1.57644888E-01   1.69075443E-02   5.20855433E-02  
 5.52535945E-01   1.57941407E-01   1.71472061E-02   5.20875264E-02  
 5.53568722E-01   1.58237951E-01   1.73898215E-02   5.20895413E-02  
 5.54601500E-01   1.58534522E-01   1.76354218E-02   5.20915886E-02  
 5.55634277E-01   1.58831120E-01   1.78840384E-02   5.20936687E-02  
 5.56667055E-01   1.59127744E-01   1.81357032E-02   5.20957820E-02  
 5.57699832E-01   1.59424396E-01   1.83904483E-02   5.20979291E-02  
 5.58732610E-01   1.59721076E-01   1.86483059E-02   5.21001103E-02  
 5.59765387E-01   1.60017784E-01   1.89093088E-02   5.21023263E-02  
 5.60798165E-01   1.60314521E-01   1.91734900E-02   5.21045774E-02  
 5.61830942E-01   1.60611287E-01   1.94408827E-02   5.21068642E-02  
 5.62863720E-01   1.60908083E-01   1.97115205E-02   5.21091872E-02  
 5.63896497E-01   1.61204909E-01   1.99854372E-02   5.21115469E-02  
 5.64929274E-01   1.61501766E-01   2.02626671E-02   5.21139438E-02  
 5.65962052E-01   1.61798654E-01   2.05432446E-02   5.21163784E-02  
 5.66994829E-01   1.62095574E-01   2.08272044E-02   5.21188512E-02  
 5.68027607E-01   1.62392526E-01   2.11145819E-02   5.21213628E-02  
 5.69060384E-01   1.62689510E-01   2.14054122E-02   5.21239138E-02  
 5.70093162E-01   1.62986527E-01   2.16997313E-02   5.21265045E-02  
 5.71125939E-01   1.63283579E-01   2.19975752E-02   5.21291357E-02  
 5.72158717E-01   1.63580664E-01   2.22989802E-02   5.21318079E-02  
 5.73191494E-01   1.63877784E-01   2.26039832E-02   5.21345216E-02  
 5.74224272E-01   1.64174939E-01   2.29126211E-02   5.21372775E-02  
 5.75257049E-01   1.64472130E-01   2.32249315E-02   5.21400760E-02  
 5.76289827E-01   1.64769358E-01   2.35409519E-02   5.21429178E-02  
 5.77322604E-01   1.65066622E-01   2.38607205E-02   5.21458035E-02  
 5.78355382E-01   1.65363924E-01   2.41842757E-02   5.21487336E-02  
 5.79388159E-01   1.65661264E-01   2.45116562E-02   5.21517088E-02  
 5.80420937E-01   1.65958642E-01   2.48429013E-02   5.21547298E-02  
 5.81453714E-01   1.66256060E-01   2.51780503E-02   5.21577970E-02  
 5.82486491E-01   1.66553517E-01   2.55171430E-02   5.21609113E-02  
 5.83519269E-01   1.66851015E-01   2.58602197E-02   5.21640731E-02  
 5.84552046E-01   1.67148554E-01   2.62073210E-02   5.21672831E-02  
 5.85584824E-01   1.67446134E-01   2.65584876E-02   5.21705420E-02  
 5.86617601E-01   1.67743757E-01   2.69137609E-02   5.21738505E-02  
 5.87650379E-01   1.68041422E-01   2.72731826E-02   5.21772093E-02  
 5.88683156E-01   1.68339132E-01   2.76367946E-02   5.21806189E-02  
 5.89715934E-01   1.68636885E-01   2.80046395E-02   5.21840801E-02  
 5.90748711E-01   1.68934683E-01   2.83767599E-02   5.21875936E-02  
 5.91781489E-01   1.69232527E-01   2.87531991E-02   5.21911601E-02  
 5.92814266E-01   1.69530417E-01   2.91340006E-02   5.21947803E-02  
 5.93847044E-01   1.69828354E-01   2.95192085E-02   5.21984549E-02  
 5.94879821E-01   1.70126339E-01   2.99088669E-02   5.22021847E-02  
 5.95912599E-01   1.70424372E-01   3.03030209E-02   5.22059703E-02  
 5.96945376E-01   1.70722454E-01   3.07017153E-02   5.22098126E-02  
 5.97978153E-01   1.71020585E-01   3.11049960E-02   5.22137123E-02  
 5.99010931E-01   1.71318768E-01   3.15129088E-02   5.22176701E-02  
 6.00043708E-01   1.71617001E-01   3.19255002E-02   5.22216868E-02  
 6.01076486E-01   1.71915287E-01   3.23428170E-02   5.22257632E-02  
 6.02109263E-01   1.72213625E-01   3.27649064E-02   5.22299001E-02  
 6.03142041E-01   1.72512017E-01   3.31918161E-02   5.22340983E-02  
 6.04174818E-01   1.72810463E-01   3.36235943E-02   5.22383586E-02  
 6.05207596E-01   1.73108964E-01   3.40602895E-02   5.22426819E-02  
 6.06240373E-01   1.73407522E-01   3.45019506E-02   5.22470689E-02  
 6.07273151E-01   1.73706136E-01   3.49486272E-02   5.22515204E-02  
 6.08305928E-01   1.74004807E-01   3.54003690E-02   5.22560374E-02  
 6.09338706E-01   1.74303537E-01   3.58572265E-02   5.22606207E-02  
 6.10371483E-01   1.74602327E-01   3.63192504E-02   5.22652712E-02  
 6.11404261E-01   1.74901176E-01   3.67864920E-02   5.22699897E-02  
 6.12437038E-01   1.75200087E-01   3.72590031E-02   5.22747772E-02  
 6.13469815E-01   1.75499059E-01   3.77368358E-02   5.22796345E-02  
 6.14502593E-01   1.75798094E-01   3.82200428E-02   5.22845625E-02  
 6.15535370E-01   1.76097193E-01   3.87086772E-02   5.22895622E-02  
 6.16568148E-01   1.76396357E-01   3.92027928E-02   5.22946345E-02  
 6.17600925E-01   1.76695586E-01   3.97024437E-02   5.22997803E-02  
 6.18633703E-01   1.76994881E-01   4.02076845E-02   5.23050006E-02  
 6.19666480E-01   1.77294244E-01   4.07185703E-02   5.23102964E-02  
 6.20699258E-01   1.77593676E-01   4.12351568E-02   5.23156686E-02  
 6.21732035E-01   1.77893176E-01   4.17575002E-02   5.23211182E-02  
 6.22764813E-01   1.78192747E-01   4.22856571E-02   5.23266462E-02  
 6.23797590E-01   1.78492390E-01   4.28196846E-02   5.23322537E-02  
 6.24830368E-01   1.78792104E-01   4.33596407E-02   5.23379416E-02  
 6.25863145E-01   1.79091893E-01   4.39055834E-02   5.23437111E-02  
 6.26895923E-01   1.79391755E-01   4.44575717E-02   5.23495630E-02  
 6.27928700E-01   1.79691693E-01   4.50156648E-02   5.23554985E-02  
 6.28961477E-01   1.79991708E-01   4.55799226E-02   5.23615187E-02  
 6.29994255E-01   1.80291800E-01   4.61504056E-02   5.23676247E-02  
 6.31027032E-01   1.80591971E-01   4.67271748E-02   5.23738174E-02  
 6.32059810E-01   1.80892222E-01   4.73102917E-02   5.23800982E-02  
 6.33092587E-01   1.81192553E-01   4.78998186E-02   5.23864679E-02  
 6.34125365E-01   1.81492967E-01   4.84958182E-02   5.23929279E-02  
 6.35158142E-01   1.81793464E-01   4.90983537E-02   5.23994793E-02  
 6.36190920E-01   1.82094046E-01   4.97074892E-02   5.24061231E-02  
 6.37223697E-01   1.82394713E-01   5.03232890E-02   5.24128607E-02  
 6.38256475E-01   1.82695466E-01   5.09458183E-02   5.24196931E-02  
 6.39289252E-01   1.82996308E-01   5.15751429E-02   5.24266216E-02  
 6.40322030E-01   1.83297239E-01   5.22113291E-02   5.24336473E-02  
 6.41354807E-01   1.83598260E-01   5.28544439E-02   5.24407716E-02  
 6.42387585E-01   1.83899373E-01   5.35045548E-02   5.24479957E-02  
 6.43420362E-01   1.84200578E-01   5.41617302E-02   5.24553208E-02  
 6.44453139E-01   1.84501878E-01   5.48260389E-02   5.24627481E-02  
 6.45485917E-01   1.84803274E-01   5.54975504E-02   5.24702791E-02  
 6.46518694E-01   1.85104766E-01   5.61763350E-02   5.24779149E-02  
 6.47551472E-01   1.85406356E-01   5.68624636E-02   5.24856569E-02  
 6.48584249E-01   1.85708046E-01   5.75560076E-02   5.24935065E-02  
 6.49617027E-01   1.86009836E-01   5.82570395E-02   5.25014649E-02  
 6.50649804E-01   1.86311729E-01   5.89656319E-02   5.25095336E-02  
 6.51682582E-01   1.86613726E-01   5.96818587E-02   5.25177139E-02  
 6.52715359E-01   1.86915827E-01   6.04057942E-02   5.25260072E-02  
 6.53748137E-01   1.87218035E-01   6.11375133E-02   5.25344149E-02  
 6.54780914E-01   1.87520350E-01   6.18770919E-02   5.25429385E-02  
 6.55813692E-01   1.87822775E-01   6.26246065E-02   5.25515793E-02  
 6.56846469E-01   1.88125311E-01   6.33801343E-02   5.25603390E-02  
 6.57879247E-01   1.88427959E-01   6.41437533E-02   5.25692188E-02  
 6.58912024E-01   1.88730721E-01   6.49155424E-02   5.25782204E-02  
 6.59944801E-01   1.89033598E-01   6.56955810E-02   5.25873452E-02  
 6.60977579E-01   1.89336592E-01   6.64839494E-02   5.25965948E-02  
 6.62010356E-01   1.89639704E-01   6.72807287E-02   5.26059707E-02  
 6.63043134E-01   1.89942937E-01   6.80860009E-02   5.26154744E-02  
 6.64075911E-01   1.90246291E-01   6.88998486E-02   5.26251077E-02  
 6.65108689E-01   1.90549768E-01   6.97223553E-02   5.26348719E-02  
 6.66141466E-01   1.90853370E-01   7.05536054E-02   5.26447689E-02  
 6.67174244E-01   1.91157099E-01   7.13936839E-02   5.26548001E-02  
 6.68207021E-01   1.91460956E-01   7.22426771E-02   5.26649674E-02  
 6.69239799E-01   1.91764943E-01   7.31006716E-02   5.26752722E-02  
 6.70272576E-01   1.92069061E-01   7.39677553E-02   5.26857164E-02  
 6.71305354E-01   1.92373313E-01   7.48440167E-02   5.26963017E-02  
 6.72338131E-01   1.92677700E-01   7.57295454E-02   5.27070297E-02  
 6.73370909E-01   1.92982224E-01   7.66244317E-02   5.27179023E-02  
 6.74403686E-01   1.93286887E-01   7.75287670E-02   5.27289212E-02  
 6.75436463E-01   1.93591690E-01   7.84426435E-02   5.27400882E-02  
 6.76469241E-01   1.93896636E-01   7.93661543E-02   5.27514051E-02  
 6.77502018E-01   1.94201726E-01   8.02993936E-02   5.27628738E-02  
 6.78534796E-01   1.94506962E-01   8.12424564E-02   5.27744960E-02  
 6.79567573E-01   1.94812346E-01   8.21954388E-02   5.27862738E-02  
 6.80600351E-01   1.95117880E-01   8.31584378E-02   5.27982090E-02  
 6.81633128E-01   1.95423566E-01   8.41315513E-02   5.28103035E-02  
 6.82665906E-01   1.95729406E-01   8.51148784E-02   5.28225592E-02  
 6.83698683E-01   1.96035402E-01   8.61085192E-02   5.28349782E-02  
 6.84731461E-01   1.96341556E-01   8.71125747E-02   5.28475624E-02  
 6.85764238E-01   1.96647869E-01   8.81271471E-02   5.28603138E-02  
 6.86797016E-01   1.96954345E-01   8.91523394E-02   5.28732345E-02  
 6.87829793E-01   1.97260985E-01   9.01882560E-02   5.28863265E-02  
 6.88862571E-01   1.97567791E-01   9.12350022E-02   5.28995920E-02  
 6.89895348E-01   1.97874765E-01   9.22926845E-02   5.29130329E-02  
 6.90928125E-01   1.98181910E-01   9.33614104E-02   5.29266515E-02  
 6.91960903E-01   1.98489228E-01   9.44412885E-02   5.29404500E-02  
 6.92993680E-01   1.98796721E-01   9.55324289E-02   5.29544304E-02  
 6.94026458E-01   1.99104390E-01   9.66349424E-02   5.29685950E-02  
 6.95059235E-01   1.99412239E-01   9.77489412E-02   5.29829460E-02  
 6.96092013E-01   1.99720270E-01   9.88745388E-02   5.29974858E-02  
 6.97124790E-01   2.00028485E-01   1.00011850E-01   5.30122165E-02  
 6.98157568E-01   2.00336886E-01   1.01160990E-01   5.30271405E-02  
 6.99190345E-01   2.00645476E-01   1.02322076E-01   5.30422601E-02  
 7.00223123E-01   2.00954257E-01   1.03495227E-01   5.30575778E-02  
 7.01255900E-01   2.01263232E-01   1.04680562E-01   5.30730958E-02  
 7.02288678E-01   2.01572402E-01   1.05878202E-01   5.30888167E-02  
 7.03321455E-01   2.01881771E-01   1.07088270E-01   5.31047428E-02  
 7.04354233E-01   2.02191341E-01   1.08310888E-01   5.31208767E-02  
 7.05387010E-01   2.02501115E-01   1.09546183E-01   5.31372208E-02  
 7.06419787E-01   2.02811094E-01   1.10794279E-01   5.31537777E-02  
 7.07452565E-01   2.03121282E-01   1.12055305E-01   5.31705500E-02  
 7.08485342E-01   2.03431681E-01   1.13329390E-01   5.31875403E-02  
 7.09518120E-01   2.03742294E-01   1.14616665E-01   5.32047511E-02  
 7.10550897E-01   2.04053124E-01   1.15917260E-01   5.32221852E-02  
 7.11583675E-01   2.04364173E-01   1.17231311E-01   5.32398453E-02  
 7.12616452E-01   2.04675444E-01   1.18558952E-01   5.32577340E-02  
 7.13649230E-01   2.04986939E-01   1.19900318E-01   5.32758541E-02  
 7.14682007E-01   2.05298662E-01   1.21255550E-01   5.32942085E-02  
 7.15714785E-01   2.05610615E-01   1.22624784E-01   5.33127999E-02  
 7.16747562E-01   2.05922802E-01   1.24008164E-01   5.33316312E-02  
 7.17780340E-01   2.06235224E-01   1.25405832E-01   5.33507052E-02  
 7.18813117E-01   2.06547886E-01   1.26817932E-01   5.33700250E-02  
 7.19845895E-01   2.06860789E-01   1.28244610E-01   5.33895934E-02  
 7.20878672E-01   2.07173937E-01   1.29686014E-01   5.34094135E-02  
 7.21911449E-01   2.07487333E-01   1.31142294E-01   5.34294883E-02  
 7.22944227E-01   2.07800980E-01   1.32613600E-01   5.34498208E-02  
 7.23977004E-01   2.08114881E-01   1.34100085E-01   5.34704142E-02  
 7.25009782E-01   2.08429039E-01   1.35601905E-01   5.34912716E-02  
 7.26042559E-01   2.08743457E-01   1.37119216E-01   5.35123961E-02  
 7.27075337E-01   2.09058139E-01   1.38652175E-01   5.35337911E-02  
 7.28108114E-01   2.09373088E-01   1.40200944E-01   5.35554596E-02  
 7.29140892E-01   2.09688306E-01   1.41765684E-01   5.35774051E-02  
 7.30173669E-01   2.10003797E-01   1.43346560E-01   5.35996309E-02  
 7.31206447E-01   2.10319565E-01   1.44943737E-01   5.36221403E-02  
 7.32239224E-01   2.10635612E-01   1.46557384E-01   5.36449368E-02  
 7.33272002E-01   2.10951943E-01   1.48187670E-01   5.36680238E-02  
 7.34304779E-01   2.11268560E-01   1.49834768E-01   5.36914047E-02  
 7.35337557E-01   2.11585468E-01   1.51498852E-01   5.37150833E-02  
 7.36370334E-01   2.11902669E-01   1.53180097E-01   5.37390630E-02  
 7.37403111E-01   2.12220167E-01   1.54878683E-01   5.37633474E-02  
 7.38435889E-01   2.12537965E-01   1.56594789E-01   5.37879403E-02  
 7.39468666E-01   2.12856068E-01   1.58328599E-01   5.38128453E-02  
 7.40501444E-01   2.13174479E-01   1.60080298E-01   5.38380662E-02  
 7.41534221E-01   2.13493201E-01   1.61850073E-01   5.38636069E-02  
 7.42566999E-01   2.13812239E-01   1.63638114E-01   5.38894711E-02  
 7.43599776E-01   2.14131596E-01   1.65444612E-01   5.39156628E-02  
 7.44632554E-01   2.14451275E-01   1.67269762E-01   5.39421859E-02  
 7.45665331E-01   2.14771281E-01   1.69113761E-01   5.39690445E-02  
 7.46698109E-01   2.15091618E-01   1.70976809E-01   5.39962425E-02  
 7.47730886E-01   2.15412289E-01   1.72859106E-01   5.40237841E-02  
 7.48763664E-01   2.15733299E-01   1.74760858E-01   5.40516735E-02  
 7.49796441E-01   2.16054651E-01   1.76682271E-01   5.40799148E-02  
 7.50829219E-01   2.16376349E-01   1.78623555E-01   5.41085122E-02  
 7.51861996E-01   2.16698398E-01   1.80584923E-01   5.41374702E-02  
 7.52894774E-01   2.17020802E-01   1.82566589E-01   5.41667930E-02  
 7.53927551E-01   2.17343564E-01   1.84568771E-01   5.41964851E-02  
 7.54960328E-01   2.17666689E-01   1.86591690E-01   5.42265509E-02  
 7.55993106E-01   2.17990182E-01   1.88635569E-01   5.42569950E-02  
 7.57025883E-01   2.18314046E-01   1.90700635E-01   5.42878220E-02  
 7.58058661E-01   2.18638287E-01   1.92787117E-01   5.43190365E-02  
 7.59091438E-01   2.18962907E-01   1.94895248E-01   5.43506432E-02  
 7.60124216E-01   2.19287913E-01   1.97025263E-01   5.43826468E-02  
 7.61156993E-01   2.19613307E-01   1.99177401E-01   5.44150523E-02  
 7.62189771E-01   2.19939095E-01   2.01351903E-01   5.44478644E-02  
 7.63222548E-01   2.20265282E-01   2.03549015E-01   5.44810882E-02  
 7.64255326E-01   2.20591871E-01   2.05768985E-01   5.45147286E-02  
 7.65288103E-01   2.20918868E-01   2.08012064E-01   5.45487907E-02  
 7.66320881E-01   2.21246278E-01   2.10278508E-01   5.45832796E-02  
 7.67353658E-01   2.21574104E-01   2.12568575E-01   5.46182006E-02  
 7.68386436E-01   2.21902352E-01   2.14882527E-01   5.46535590E-02  
 7.69419213E-01   2.22231027E-01   2.17220629E-01   5.46893600E-02  
 7.70451990E-01   2.22560133E-01   2.19583152E-01   5.47256091E-02  
 7.71484768E-01   2.22889676E-01   2.21970368E-01   5.47623117E-02  
 7.72517545E-01   2.23219660E-01   2.24382553E-01   5.47994735E-02  
 7.73550323E-01   2.23550091E-01   2.26819988E-01   5.48371000E-02  
 7.74583100E-01   2.23880974E-01   2.29282959E-01   5.48751969E-02  
 7.75615878E-01   2.24212313E-01   2.31771752E-01   5.49137701E-02  
 7.76648655E-01   2.24544115E-01   2.34286661E-01   5.49528253E-02  
 7.77681433E-01   2.24876383E-01   2.36827983E-01   5.49923686E-02  
 7.78714210E-01   2.25209125E-01   2.39396018E-01   5.50324058E-02  
 7.79746988E-01   2.25542344E-01   2.41991071E-01   5.50729431E-02  
 7.80779765E-01   2.25876046E-01   2.44613452E-01   5.51139867E-02  
 7.81812543E-01   2.26210238E-01   2.47263475E-01   5.51555427E-02  
 7.82845320E-01   2.26544923E-01   2.49941458E-01   5.51976176E-02  
 7.83878098E-01   2.26880108E-01   2.52647724E-01   5.52402177E-02  
 7.84910875E-01   2.27215799E-01   2.55382600E-01   5.52833496E-02  
 7.85943652E-01   2.27552001E-01   2.58146421E-01   5.53270198E-02  
 7.86976430E-01   2.27888720E-01   2.60939521E-01   5.53712350E-02  
 7.88009207E-01   2.28225962E-01   2.63762245E-01   5.54160020E-02  
 7.89041985E-01   2.28563732E-01   2.66614938E-01   5.54613276E-02  
 7.90074762E-01   2.28902036E-01   2.69497955E-01   5.55072188E-02  
 7.91107540E-01   2.29240881E-01   2.72411651E-01   5.55536826E-02  
 7.92140317E-01   2.29580272E-01   2.75356390E-01   5.56007263E-02  
 7.93173095E-01   2.29920216E-01   2.78332541E-01   5.56483569E-02  
 7.94205872E-01   2.30260718E-01   2.81340477E-01   5.56965820E-02  
 7.95238650E-01   2.30601785E-01   2.84380579E-01   5.57454088E-02  
 7.96271427E-01   2.30943423E-01   2.87453230E-01   5.57948450E-02  
 7.97304205E-01   2.31285638E-01   2.90558823E-01   5.58448982E-02  
 7.98336982E-01   2.31628437E-01   2.93697754E-01   5.58955761E-02  
 7.99369760E-01   2.31971826E-01   2.96870426E-01   5.59468866E-02  
 8.00402537E-01   2.32315812E-01   3.00077249E-01   5.59988378E-02  
 8.01435314E-01   2.32660401E-01   3.03318639E-01   5.60514376E-02  
 8.02468092E-01   2.33005600E-01   3.06595018E-01   5.61046943E-02  
 8.03500869E-01   2.33351415E-01   3.09906813E-01   5.61586161E-02  
 8.04533647E-01   2.33697853E-01   3.13254462E-01   5.62132116E-02  
 8.05566424E-01   2.34044921E-01   3.16638405E-01   5.62684892E-02  
 8.06599202E-01   2.34392626E-01   3.20059091E-01   5.63244577E-02  
 8.07631979E-01   2.34740975E-01   3.23516978E-01   5.63811258E-02  
 8.08664757E-01   2.35089974E-01   3.27012528E-01   5.64385024E-02  
 8.09697534E-01   2.35439631E-01   3.30546212E-01   5.64965966E-02  
 8.10730312E-01   2.35789953E-01   3.34118508E-01   5.65554176E-02  
 8.11763089E-01   2.36140947E-01   3.37729902E-01   5.66149746E-02  
 8.12795867E-01   2.36492621E-01   3.41380889E-01   5.66752771E-02  
 8.13828644E-01   2.36844981E-01   3.45071969E-01   5.67363348E-02  
 8.14861422E-01   2.37198035E-01   3.48803653E-01   5.67981572E-02  
 8.15894199E-01   2.37551791E-01   3.52576459E-01   5.68607542E-02  
 8.16926976E-01   2.37906255E-01   3.56390914E-01   5.69241360E-02  
 8.17959754E-01   2.38261436E-01   3.60247551E-01   5.69883125E-02  
 8.18992531E-01   2.38617342E-01   3.64146917E-01   5.70532942E-02  
 8.20025309E-01   2.38973979E-01   3.68089564E-01   5.71190913E-02  
 8.21058086E-01   2.39331356E-01   3.72076054E-01   5.71857147E-02  
 8.22090864E-01   2.39689480E-01   3.76106958E-01   5.72531749E-02  
 8.23123641E-01   2.40048360E-01   3.80182858E-01   5.73214830E-02  
 8.24156419E-01   2.40408004E-01   3.84304346E-01   5.73906500E-02  
 8.25189196E-01   2.40768419E-01   3.88472021E-01   5.74606871E-02  
 8.26221974E-01   2.41129614E-01   3.92686495E-01   5.75316058E-02  
 8.27254751E-01   2.41491596E-01   3.96948389E-01   5.76034177E-02  
 8.28287529E-01   2.41854375E-01   4.01258335E-01   5.76761345E-02  
 8.29320306E-01   2.42217958E-01   4.05616977E-01   5.77497681E-02  
 8.30353084E-01   2.42582354E-01   4.10024968E-01   5.78243307E-02  
 8.31385861E-01   2.42947572E-01   4.14482973E-01   5.78998346E-02  
 8.32418638E-01   2.43313620E-01   4.18991670E-01   5.79762923E-02  
 8.33451416E-01   2.43680506E-01   4.23551746E-01   5.80537164E-02  
 8.34484193E-01   2.44048240E-01   4.28163901E-01   5.81321198E-02  
 8.35516971E-01   2.44416830E-01   4.32828850E-01   5.82115156E-02  
 8.36549748E-01   2.44786285E-01   4.37547317E-01   5.82919171E-02  
 8.37582526E-01   2.45156614E-01   4.42320040E-01   5.83733378E-02  
 8.38615303E-01   2.45527826E-01   4.47147771E-01   5.84557913E-02  
 8.39648081E-01   2.45899930E-01   4.52031274E-01   5.85392916E-02  
 8.40680858E-01   2.46272935E-01   4.56971327E-01   5.86238527E-02  
 8.41713636E-01   2.46646851E-01   4.61968723E-01   5.87094891E-02  
 8.42746413E-01   2.47021686E-01   4.67024268E-01   5.87962153E-02  
 8.43779191E-01   2.47397451E-01   4.72138782E-01   5.88840461E-02  
 8.44811968E-01   2.47774154E-01   4.77313103E-01   5.89729965E-02  
 8.45844746E-01   2.48151806E-01   4.82548081E-01   5.90630818E-02  
 8.46877523E-01   2.48530415E-01   4.87844583E-01   5.91543175E-02  
 8.47910300E-01   2.48909992E-01   4.93203492E-01   5.92467194E-02  
 8.48943078E-01   2.49290546E-01   4.98625706E-01   5.93403035E-02  
 8.49975855E-01   2.49672088E-01   5.04112141E-01   5.94350861E-02  
 8.51008633E-01   2.50054626E-01   5.09663730E-01   5.95310837E-02  
 8.52041410E-01   2.50438172E-01   5.15281422E-01   5.96283132E-02  
 8.53074188E-01   2.50822734E-01   5.20966186E-01   5.97267915E-02  
 8.54106965E-01   2.51208324E-01   5.26719006E-01   5.98265361E-02  
 8.55139743E-01   2.51594952E-01   5.32540889E-01   5.99275645E-02  
 8.56172520E-01   2.51982627E-01   5.38432857E-01   6.00298948E-02  
 8.57205298E-01   2.52371361E-01   5.44395953E-01   6.01335452E-02  
 8.58238075E-01   2.52761164E-01   5.50431240E-01   6.02385342E-02  
 8.59270853E-01   2.53152046E-01   5.56539802E-01   6.03448805E-02  
 8.60303630E-01   2.53544018E-01   5.62722742E-01   6.04526034E-02  
 8.61336408E-01   2.53937090E-01   5.68981186E-01   6.05617224E-02  
 8.62369185E-01   2.54331274E-01   5.75316282E-01   6.06722572E-02  
 8.63401962E-01   2.54726581E-01   5.81729198E-01   6.07842279E-02  
 8.64434740E-01   2.55123021E-01   5.88221128E-01   6.08976550E-02  
 8.65467517E-01   2.55520605E-01   5.94793286E-01   6.10125594E-02  
 8.66500295E-01   2.55919344E-01   6.01446914E-01   6.11289621E-02  
 8.67533072E-01   2.56319251E-01   6.08183274E-01   6.12468848E-02  
 8.68565850E-01   2.56720335E-01   6.15003657E-01   6.13663492E-02  
 8.69598627E-01   2.57122608E-01   6.21909377E-01   6.14873778E-02  
 8.70631405E-01   2.57526082E-01   6.28901776E-01   6.16099930E-02  
 8.71664182E-01   2.57930769E-01   6.35982222E-01   6.17342180E-02  
 8.72696960E-01   2.58336679E-01   6.43152111E-01   6.18600761E-02  
 8.73729737E-01   2.58743824E-01   6.50412867E-01   6.19875914E-02  
 8.74762515E-01   2.59152216E-01   6.57765943E-01   6.21167879E-02  
 8.75795292E-01   2.59561868E-01   6.65212822E-01   6.22476904E-02  
 8.76828070E-01   2.59972790E-01   6.72755017E-01   6.23803240E-02  
 8.77860847E-01   2.60384995E-01   6.80394071E-01   6.25147143E-02  
 8.78893624E-01   2.60798495E-01   6.88131561E-01   6.26508872E-02  
 8.79926402E-01   2.61213302E-01   6.95969096E-01   6.27888693E-02  
 8.80959179E-01   2.61629428E-01   7.03908317E-01   6.29286875E-02  
 8.81991957E-01   2.62046885E-01   7.11950901E-01   6.30703692E-02  
 8.83024734E-01   2.62465687E-01   7.20098560E-01   6.32139424E-02  
 8.84057512E-01   2.62885844E-01   7.28353040E-01   6.33594354E-02  
 8.85090289E-01   2.63307370E-01   7.36716127E-01   6.35068773E-02  
 8.86123067E-01   2.63730277E-01   7.45189644E-01   6.36562974E-02  
 8.87155844E-01   2.64154578E-01   7.53775450E-01   6.38077257E-02  
 8.88188622E-01   2.64580285E-01   7.62475447E-01   6.39611928E-02  
 8.89221399E-01   2.65007412E-01   7.71291577E-01   6.41167298E-02  
 8.90254177E-01   2.65435971E-01   7.80225823E-01   6.42743683E-02  
 8.91286954E-01   2.65865975E-01   7.89280212E-01   6.44341407E-02  
 8.92319732E-01   2.66297436E-01   7.98456814E-01   6.45960797E-02  
 8.93352509E-01   2.66730369E-01   8.07757746E-01   6.47602188E-02  
 8.94385286E-01   2.67164787E-01   8.17185169E-01   6.49265921E-02  
 8.95418064E-01   2.67600701E-01   8.26741293E-01   6.50952343E-02  
 8.96450841E-01   2.68038126E-01   8.36428376E-01   6.52661808E-02  
 8.97483619E-01   2.68477075E-01   8.46248726E-01   6.54394676E-02  
 8.98516396E-01   2.68917561E-01   8.56204704E-01   6.56151314E-02  
 8.99549174E-01   2.69359598E-01   8.66298721E-01   6.57932097E-02  
 9.00581951E-01   2.69803200E-01   8.76533245E-01   6.59737405E-02  
 9.01614729E-01   2.70248378E-01   8.86910798E-01   6.61567628E-02  
 9.02647506E-01   2.70695149E-01   8.97433958E-01   6.63423161E-02  
 9.03680284E-01   2.71143524E-01   9.08105364E-01   6.65304408E-02  
 9.04713061E-01   2.71593518E-01   9.18927713E-01   6.67211780E-02  
 9.05745839E-01   2.72045144E-01   9.29903765E-01   6.69145697E-02  
 9.06778616E-01   2.72498417E-01   9.41036343E-01   6.71106585E-02  
 9.07811394E-01   2.72953350E-01   9.52328336E-01   6.73094882E-02  
 9.08844171E-01   2.73409958E-01   9.63782697E-01   6.75111031E-02  
 9.09876949E-01   2.73868253E-01   9.75402452E-01   6.77155486E-02  
 9.10909726E-01   2.74328250E-01   9.87190694E-01   6.79228708E-02  
 9.11942503E-01   2.74789964E-01   9.99150590E-01   6.81331170E-02  
 9.12975281E-01   2.75253408E-01   1.01128538E+00   6.83463351E-02  
 9.14008058E-01   2.75718596E-01   1.02359839E+00   6.85625741E-02  
 9.15040836E-01   2.76185543E-01   1.03609301E+00   6.87818842E-02  
 9.16073613E-01   2.76654263E-01   1.04877272E+00   6.90043162E-02  
 9.17106391E-01   2.77124770E-01   1.06164107E+00   6.92299223E-02  
 9.18139168E-01   2.77597078E-01   1.07470173E+00   6.94587555E-02  
 9.19171946E-01   2.78071203E-01   1.08795842E+00   6.96908700E-02  
 9.20204723E-01   2.78547157E-01   1.10141496E+00   6.99263210E-02  
 9.21237501E-01   2.79024955E-01   1.11507529E+00   7.01651651E-02  
 9.22270278E-01   2.79504613E-01   1.12894340E+00   7.04074598E-02  
 9.23303056E-01   2.79986143E-01   1.14302342E+00   7.06532638E-02  
 9.24335833E-01   2.80469562E-01   1.15731955E+00   7.09026371E-02  
 9.25368611E-01   2.80954882E-01   1.17183612E+00   7.11556409E-02  
 9.26401388E-01   2.81442120E-01   1.18657756E+00   7.14123378E-02  
 9.27434165E-01   2.81931288E-01   1.20154839E+00   7.16727917E-02  
 9.28466943E-01   2.82422402E-01   1.21675327E+00   7.19370675E-02  
 9.29499720E-01   2.82915476E-01   1.23219696E+00   7.22052320E-02  
 9.30532498E-01   2.83410524E-01   1.24788436E+00   7.24773530E-02  
 9.31565275E-01   2.83907561E-01   1.26382048E+00   7.27534999E-02  
 9.32598053E-01   2.84406602E-01   1.28001044E+00   7.30337437E-02  
 9.33630830E-01   2.84907661E-01   1.29645954E+00   7.33181568E-02  
 9.34663608E-01   2.85410753E-01   1.31317316E+00   7.36068131E-02  
 9.35696385E-01   2.85915891E-01   1.33015686E+00   7.38997882E-02  
 9.36729163E-01   2.86423091E-01   1.34741634E+00   7.41971594E-02  
 9.37761940E-01   2.86932367E-01   1.36495741E+00   7.44990055E-02  
 9.38794718E-01   2.87443733E-01   1.38278609E+00   7.48054071E-02  
 9.39827495E-01   2.87957203E-01   1.40090851E+00   7.51164467E-02  
 9.40860273E-01   2.88472792E-01   1.41933098E+00   7.54322085E-02  
 9.41893050E-01   2.88990514E-01   1.43805999E+00   7.57527787E-02  
 9.42925827E-01   2.89510384E-01   1.45710219E+00   7.60782451E-02  
 9.43958605E-01   2.90032416E-01   1.47646440E+00   7.64086978E-02  
 9.44991382E-01   2.90556623E-01   1.49615363E+00   7.67442289E-02  
 9.46024160E-01   2.91083020E-01   1.51617709E+00   7.70849323E-02  
 9.47056937E-01   2.91611621E-01   1.53654217E+00   7.74309043E-02  
 9.48089715E-01   2.92142441E-01   1.55725648E+00   7.77822434E-02  
 9.49122492E-01   2.92675492E-01   1.57832780E+00   7.81390500E-02  
 9.50155270E-01   2.93210789E-01   1.59976417E+00   7.85014273E-02  
 9.51188047E-01   2.93748346E-01   1.62157382E+00   7.88694805E-02  
 9.52220825E-01   2.94288176E-01   1.64376523E+00   7.92433175E-02  
 9.53253602E-01   2.94830293E-01   1.66634710E+00   7.96230483E-02  
 9.54286380E-01   2.95374711E-01   1.68932837E+00   8.00087861E-02  
 9.55319157E-01   2.95921442E-01   1.71271825E+00   8.04006461E-02  
 9.56351935E-01   2.96470501E-01   1.73652620E+00   8.07987467E-02  
 9.57384712E-01   2.97021901E-01   1.76076194E+00   8.12032087E-02  
 9.58417489E-01   2.97575655E-01   1.78543548E+00   8.16141562E-02  
 9.59450267E-01   2.98131775E-01   1.81055712E+00   8.20317160E-02  
 9.60483044E-01   2.98690276E-01   1.83613743E+00   8.24560178E-02  
 9.61515822E-01   2.99251169E-01   1.86218731E+00   8.28871948E-02  
 9.62548599E-01   2.99814467E-01   1.88871798E+00   8.33253831E-02  
 9.63581377E-01   3.00380184E-01   1.91574096E+00   8.37707223E-02  
 9.64614154E-01   3.00948330E-01   1.94326813E+00   8.42233554E-02  
 9.65646932E-01   3.01518920E-01   1.97131172E+00   8.46834286E-02  
 9.66679709E-01   3.02091964E-01   1.99988431E+00   8.51510922E-02  
 9.67712487E-01   3.02667475E-01   2.02899886E+00   8.56264997E-02  
 9.68745264E-01   3.03245465E-01   2.05866872E+00   8.61098090E-02  
 9.69778042E-01   3.03825945E-01   2.08890763E+00   8.66011814E-02  
 9.70810819E-01   3.04408926E-01   2.11972976E+00   8.71007825E-02  
 9.71843597E-01   3.04994421E-01   2.15114970E+00   8.76087820E-02  
 9.72876374E-01   3.05582441E-01   2.18318249E+00   8.81253541E-02  
 9.73909151E-01   3.06172995E-01   2.21584361E+00   8.86506772E-02  
 9.74941929E-01   3.06766096E-01   2.24914905E+00   8.91849343E-02  
 9.75974706E-01   3.07361753E-01   2.28311527E+00   8.97283132E-02  
 9.77007484E-01   3.07959977E-01   2.31775925E+00   9.02810066E-02  
 9.78040261E-01   3.08560779E-01   2.35309849E+00   9.08432119E-02  
 9.79073039E-01   3.09164167E-01   2.38915105E+00   9.14151320E-02  
 9.80105816E-01   3.09770153E-01   2.42593557E+00   9.19969749E-02  
 9.81138594E-01   3.10378745E-01   2.46347126E+00   9.25889543E-02  
 9.82171371E-01   3.10989952E-01   2.50177794E+00   9.31912892E-02  
 9.83204149E-01   3.11603784E-01   2.54087609E+00   9.38042048E-02  
 9.84236926E-01   3.12220250E-01   2.58078683E+00   9.44279322E-02  
 9.85269704E-01   3.12839358E-01   2.62153197E+00   9.50627086E-02  
 9.86302481E-01   3.13461116E-01   2.66313403E+00   9.57087778E-02  
 9.87335259E-01   3.14085533E-01   2.70561625E+00   9.63663901E-02  
 9.88368036E-01   3.14712616E-01   2.74900266E+00   9.70358026E-02  
 9.89400813E-01   3.15342373E-01   2.79331808E+00   9.77172796E-02  
 9.90433591E-01   3.15974811E-01   2.83858814E+00   9.84110927E-02  
 9.91466368E-01   3.16609937E-01   2.88483933E+00   9.91175208E-02  
 9.92499146E-01   3.17247757E-01   2.93209904E+00   9.98368509E-02  
 9.93531923E-01   3.17888279E-01   2.98039557E+00   1.00569378E-01  
 9.94564701E-01   3.18531507E-01   3.02975821E+00   1.01315405E-01  
 9.95597478E-01   3.19177449E-01   3.08021721E+00   1.02075244E-01  
 9.96630256E-01   3.19826109E-01   3.13180390E+00   1.02849216E-01  
 9.97663033E-01   3.20477492E-01   3.18455065E+00   1.03637650E-01  
 9.98695811E-01   3.21131604E-01   3.23849099E+00   1.04440886E-01  
 9.99728588E-01   3.21788449E-01   3.29365959E+00   1.05259274E-01  
 1.00076137E+00   3.22448031E-01   3.35009238E+00   1.06093173E-01  
 1.00179414E+00   3.23110354E-01   3.40782650E+00   1.06942952E-01  
 1.00282692E+00   3.23775422E-01   3.46690047E+00   1.07808994E-01  
 1.00385970E+00   3.24443237E-01   3.52735414E+00   1.08691689E-01  
 1.00489248E+00   3.25113803E-01   3.58922882E+00   1.09591443E-01  
 1.00592525E+00   3.25787122E-01   3.65256729E+00   1.10508671E-01  
 1.00695803E+00   3.26463196E-01   3.71741390E+00   1.11443802E-01  
 1.00799081E+00   3.27142027E-01   3.78381463E+00   1.12397278E-01  
 1.00902359E+00   3.27823617E-01   3.85181713E+00   1.13369554E-01  
 1.01005636E+00   3.28507966E-01   3.92147083E+00   1.14361098E-01  
 1.01108914E+00   3.29195075E-01   3.99282700E+00   1.15372396E-01  
 1.01212192E+00   3.29884945E-01   4.06593880E+00   1.16403946E-01  
 1.01315470E+00   3.30577575E-01   4.14086144E+00   1.17456261E-01  
 1.01418747E+00   3.31272966E-01   4.21765219E+00   1.18529874E-01  
 1.01522025E+00   3.31971116E-01   4.29637052E+00   1.19625331E-01  
 1.01625303E+00   3.32672023E-01   4.37707817E+00   1.20743198E-01  
 1.01728581E+00   3.33375687E-01   4.45983928E+00   1.21884057E-01  
 1.01831858E+00   3.34082106E-01   4.54472047E+00   1.23048510E-01  
 1.01935136E+00   3.34791277E-01   4.63179097E+00   1.24237180E-01  
 1.02038414E+00   3.35503198E-01   4.72112274E+00   1.25450707E-01  
 1.02141691E+00   3.36217864E-01   4.81279059E+00   1.26689756E-01  
 1.02244969E+00   3.36935274E-01   4.90687229E+00   1.27955011E-01  
 1.02348247E+00   3.37655422E-01   5.00344877E+00   1.29247180E-01  
 1.02451525E+00   3.38378304E-01   5.10260419E+00   1.30566994E-01  
 1.02554802E+00   3.39103917E-01   5.20442617E+00   1.31915212E-01  
 1.02658080E+00   3.39832254E-01   5.30900588E+00   1.33292614E-01  
 1.02761358E+00   3.40563310E-01   5.41643826E+00   1.34700010E-01  
 1.02864636E+00   3.41297079E-01   5.52682221E+00   1.36138236E-01  
 1.02967913E+00   3.42033555E-01   5.64026072E+00   1.37608160E-01  
 1.03071191E+00   3.42772732E-01   5.75686114E+00   1.39110678E-01  
 1.03174469E+00   3.43514601E-01   5.87673535E+00   1.40646717E-01  
 1.03277747E+00   3.44259156E-01   6.00000000E+00   1.42217240E-01  
