# Radius dens temp c12 ne22
800
 1.54249870e+06  3.02906860e+07  1.59731400e+08  2.94860920e-01  3.60180910e-03
 2.40474339e+06  3.02884260e+07  1.59732077e+08  2.94860920e-01  3.60180919e-03
 3.26698809e+06  3.02855314e+07  1.59732938e+08  2.94860920e-01  3.60180922e-03
 4.12923278e+06  3.02817845e+07  1.59734047e+08  2.94860918e-01  3.60180932e-03
 4.99147748e+06  3.02772608e+07  1.59735390e+08  2.94860910e-01  3.60180941e-03
 5.85372217e+06  3.02717193e+07  1.59737042e+08  2.94860910e-01  3.60180955e-03
 6.71596687e+06  3.02652690e+07  1.59738968e+08  2.94860907e-01  3.60180970e-03
 7.57821156e+06  3.02582895e+07  1.59741052e+08  2.94860901e-01  3.60180986e-03
 8.44045626e+06  3.02499159e+07  1.59743561e+08  2.94860893e-01  3.60181003e-03
 9.30270095e+06  3.02411277e+07  1.59746195e+08  2.94860885e-01  3.60181020e-03
 1.01649456e+07  3.02310722e+07  1.59749216e+08  2.94860876e-01  3.60181041e-03
 1.10271903e+07  3.02193016e+07  1.59752758e+08  2.94860867e-01  3.60181068e-03
 1.18894350e+07  3.02069609e+07  1.59756476e+08  2.94860858e-01  3.60181096e-03
 1.27516797e+07  3.01913877e+07  1.59761181e+08  2.94860846e-01  3.60181137e-03
 1.36139244e+07  3.01766727e+07  1.59765638e+08  2.94860835e-01  3.60181174e-03
 1.44761691e+07  3.01629990e+07  1.59769794e+08  2.94860823e-01  3.60181205e-03
 1.53384138e+07  3.01493253e+07  1.59773950e+08  2.94860811e-01  3.60181236e-03
 1.62006585e+07  3.01331967e+07  1.59778885e+08  2.94860798e-01  3.60181273e-03
 1.70629032e+07  3.01167091e+07  1.59783935e+08  2.94860784e-01  3.60181312e-03
 1.79251479e+07  3.01002214e+07  1.59788985e+08  2.94860771e-01  3.60181350e-03
 1.87873926e+07  3.00829412e+07  1.59794298e+08  2.94860757e-01  3.60181390e-03
 1.96496373e+07  3.00626950e+07  1.59800596e+08  2.94860740e-01  3.60181439e-03
 2.05118820e+07  3.00424488e+07  1.59806894e+08  2.94860724e-01  3.60181487e-03
 2.13741267e+07  3.00222026e+07  1.59813192e+08  2.94860708e-01  3.60181536e-03
 2.22363714e+07  3.00019563e+07  1.59819489e+08  2.94860692e-01  3.60181584e-03
 2.30986161e+07  2.99804434e+07  1.59826241e+08  2.94860674e-01  3.60181636e-03
 2.39608608e+07  2.99553546e+07  1.59834271e+08  2.94860653e-01  3.60181698e-03
 2.48231055e+07  2.99302657e+07  1.59842302e+08  2.94860631e-01  3.60181759e-03
 2.56853502e+07  2.99051769e+07  1.59850333e+08  2.94860610e-01  3.60181821e-03
 2.65475949e+07  2.98800881e+07  1.59858364e+08  2.94860588e-01  3.60181883e-03
 2.74098395e+07  2.98549993e+07  1.59866394e+08  2.94860567e-01  3.60181944e-03
 2.82720842e+07  2.98299104e+07  1.59874425e+08  2.94860545e-01  3.60182006e-03
 2.91343289e+07  2.98001396e+07  1.59884347e+08  2.94860519e-01  3.60182082e-03
 2.99965736e+07  2.97689627e+07  1.59894838e+08  2.94860491e-01  3.60182163e-03
 3.08588183e+07  2.97377858e+07  1.59905328e+08  2.94860464e-01  3.60182245e-03
 3.17210630e+07  2.97066089e+07  1.59915818e+08  2.94860437e-01  3.60182326e-03
 3.25833077e+07  2.96754321e+07  1.59926308e+08  2.94860409e-01  3.60182407e-03
 3.34455524e+07  2.96442552e+07  1.59936799e+08  2.94860382e-01  3.60182488e-03
 3.43077971e+07  2.96130783e+07  1.59947289e+08  2.94860354e-01  3.60182569e-03
 3.51700418e+07  2.95819014e+07  1.59957779e+08  2.94860327e-01  3.60182650e-03
 3.60322865e+07  2.95475355e+07  1.59969664e+08  2.94860295e-01  3.60182743e-03
 3.68945312e+07  2.95080762e+07  1.59983776e+08  2.94860257e-01  3.60182854e-03
 3.77567759e+07  2.94686170e+07  1.59997888e+08  2.94860219e-01  3.60182964e-03
 3.86190206e+07  2.94291578e+07  1.60012000e+08  2.94860181e-01  3.60183075e-03
 3.94812653e+07  2.93896986e+07  1.60026112e+08  2.94860143e-01  3.60183186e-03
 4.03435100e+07  2.93502394e+07  1.60040224e+08  2.94860106e-01  3.60183297e-03
 4.12057547e+07  2.93107802e+07  1.60054336e+08  2.94860068e-01  3.60183408e-03
 4.20679994e+07  2.92713210e+07  1.60068447e+08  2.94860030e-01  3.60183519e-03
 4.29302441e+07  2.92318618e+07  1.60082559e+08  2.94859992e-01  3.60183629e-03
 4.37924888e+07  2.91924026e+07  1.60096671e+08  2.94859954e-01  3.60183740e-03
 4.46547334e+07  2.91480444e+07  1.60113664e+08  2.94859908e-01  3.60183875e-03
 4.55169781e+07  2.91009405e+07  1.60132271e+08  2.94859857e-01  3.60184023e-03
 4.63792228e+07  2.90538366e+07  1.60150878e+08  2.94859806e-01  3.60184172e-03
 4.72414675e+07  2.90067327e+07  1.60169485e+08  2.94859756e-01  3.60184320e-03
 4.81037122e+07  2.89596288e+07  1.60188092e+08  2.94859705e-01  3.60184468e-03
 4.89659569e+07  2.89125249e+07  1.60206699e+08  2.94859655e-01  3.60184617e-03
 4.98282016e+07  2.88654210e+07  1.60225306e+08  2.94859604e-01  3.60184765e-03
 5.06904463e+07  2.88183171e+07  1.60243913e+08  2.94859554e-01  3.60184913e-03
 5.15526910e+07  2.87712132e+07  1.60262520e+08  2.94859503e-01  3.60185062e-03
 5.24149357e+07  2.87241093e+07  1.60281127e+08  2.94859452e-01  3.60185210e-03
 5.32771804e+07  2.86770054e+07  1.60299734e+08  2.94859402e-01  3.60185358e-03
 5.41394251e+07  2.86299015e+07  1.60318341e+08  2.94859351e-01  3.60185507e-03
 5.50016698e+07  2.85740593e+07  1.60342316e+08  2.94859284e-01  3.60185705e-03
 5.58639145e+07  2.85156937e+07  1.60367842e+08  2.94859211e-01  3.60185917e-03
 5.67261592e+07  2.84573282e+07  1.60393367e+08  2.94859139e-01  3.60186130e-03
 5.75884039e+07  2.83989626e+07  1.60418892e+08  2.94859067e-01  3.60186342e-03
 5.84506486e+07  2.83405970e+07  1.60444418e+08  2.94858994e-01  3.60186555e-03
 5.93128933e+07  2.82822314e+07  1.60469943e+08  2.94858922e-01  3.60186767e-03
 6.01751380e+07  2.82238658e+07  1.60495469e+08  2.94858849e-01  3.60186980e-03
 6.10373827e+07  2.81655003e+07  1.60520994e+08  2.94858777e-01  3.60187192e-03
 6.18996273e+07  2.81071347e+07  1.60546520e+08  2.94858705e-01  3.60187404e-03
 6.27618720e+07  2.80487691e+07  1.60572045e+08  2.94858632e-01  3.60187617e-03
 6.36241167e+07  2.79904035e+07  1.60597571e+08  2.94858560e-01  3.60187829e-03
 6.44863614e+07  2.79320380e+07  1.60623096e+08  2.94858487e-01  3.60188042e-03
 6.53486061e+07  2.78669381e+07  1.60651962e+08  2.94858402e-01  3.60188293e-03
 6.62108508e+07  2.77762722e+07  1.60693506e+08  2.94858267e-01  3.60188693e-03
 6.70730955e+07  2.76856063e+07  1.60735050e+08  2.94858131e-01  3.60189093e-03
 6.79353402e+07  2.75949404e+07  1.60776594e+08  2.94857996e-01  3.60189493e-03
 6.87975849e+07  2.75042745e+07  1.60818138e+08  2.94857861e-01  3.60189893e-03
 6.96598296e+07  2.74136086e+07  1.60859682e+08  2.94857726e-01  3.60190292e-03
 7.05220743e+07  2.73229428e+07  1.60901226e+08  2.94857590e-01  3.60190692e-03
 7.13843190e+07  2.72423323e+07  1.60937344e+08  2.94857465e-01  3.60191062e-03
 7.22465637e+07  2.71764883e+07  1.60965496e+08  2.94857353e-01  3.60191388e-03
 7.31088084e+07  2.71106443e+07  1.60993648e+08  2.94857242e-01  3.60191713e-03
 7.39710531e+07  2.70448003e+07  1.61021800e+08  2.94857130e-01  3.60192039e-03
 7.48332978e+07  2.69789563e+07  1.61049952e+08  2.94857019e-01  3.60192365e-03
 7.56955425e+07  2.69131123e+07  1.61078104e+08  2.94856907e-01  3.60192690e-03
 7.65577872e+07  2.68472683e+07  1.61106256e+08  2.94856795e-01  3.60193016e-03
 7.74200319e+07  2.67814243e+07  1.61134408e+08  2.94856684e-01  3.60193342e-03
 7.82822766e+07  2.67155802e+07  1.61162560e+08  2.94856572e-01  3.60193667e-03
 7.91445212e+07  2.66453965e+07  1.61195235e+08  2.94856440e-01  3.60194052e-03
 8.00067659e+07  2.65713762e+07  1.61231908e+08  2.94856290e-01  3.60194489e-03
 8.08690106e+07  2.64973558e+07  1.61268580e+08  2.94856140e-01  3.60194926e-03
 8.17312553e+07  2.64233355e+07  1.61305253e+08  2.94855989e-01  3.60195364e-03
 8.25935000e+07  2.63493152e+07  1.61341926e+08  2.94855839e-01  3.60195801e-03
 8.34557447e+07  2.62752948e+07  1.61378599e+08  2.94855689e-01  3.60196238e-03
 8.43179894e+07  2.62012745e+07  1.61415272e+08  2.94855539e-01  3.60196675e-03
 8.51802341e+07  2.61272541e+07  1.61451945e+08  2.94855388e-01  3.60197112e-03
 8.60424788e+07  2.60532338e+07  1.61488618e+08  2.94855238e-01  3.60197550e-03
 8.69047235e+07  2.59792135e+07  1.61525290e+08  2.94855088e-01  3.60197987e-03
 8.77669682e+07  2.58969635e+07  1.61569792e+08  2.94854907e-01  3.60198506e-03
 8.86292129e+07  2.57939328e+07  1.61634060e+08  2.94854650e-01  3.60199231e-03
 8.94914576e+07  2.56909020e+07  1.61698329e+08  2.94854393e-01  3.60199957e-03
 9.03537023e+07  2.55878713e+07  1.61762597e+08  2.94854136e-01  3.60200683e-03
 9.12159470e+07  2.54848405e+07  1.61826866e+08  2.94853880e-01  3.60201408e-03
 9.20781917e+07  2.53818098e+07  1.61891134e+08  2.94853623e-01  3.60202134e-03
 9.29404364e+07  2.52787790e+07  1.61955403e+08  2.94853366e-01  3.60202859e-03
 9.38026811e+07  2.51930041e+07  1.62009406e+08  2.94853122e-01  3.60203982e-03
 9.46649258e+07  2.51174982e+07  1.62057300e+08  2.94852885e-01  3.60205340e-03
 9.55271705e+07  2.50419924e+07  1.62105195e+08  2.94852648e-01  3.60206698e-03
 9.63894151e+07  2.49664866e+07  1.62153090e+08  2.94852412e-01  3.60208056e-03
 9.72516598e+07  2.48909807e+07  1.62200984e+08  2.94852175e-01  3.60209415e-03
 9.81139045e+07  2.48154749e+07  1.62248879e+08  2.94851939e-01  3.60210773e-03
 9.89761492e+07  2.47399690e+07  1.62296773e+08  2.94851702e-01  3.60212131e-03
 9.98383939e+07  2.46644632e+07  1.62344668e+08  2.94851466e-01  3.60213490e-03
 1.00700639e+08  2.45889573e+07  1.62392562e+08  2.94851229e-01  3.60214848e-03
 1.01562883e+08  2.45082139e+07  1.62445368e+08  2.94850964e-01  3.60216382e-03
 1.02425128e+08  2.43998165e+07  1.62524107e+08  2.94850552e-01  3.60218841e-03
 1.03287373e+08  2.42914191e+07  1.62602846e+08  2.94850140e-01  3.60221300e-03
 1.04149617e+08  2.41830217e+07  1.62681585e+08  2.94849728e-01  3.60223759e-03
 1.05011862e+08  2.40746243e+07  1.62760323e+08  2.94849316e-01  3.60226218e-03
 1.05874107e+08  2.39662269e+07  1.62839062e+08  2.94848904e-01  3.60228677e-03
 1.06736351e+08  2.38578295e+07  1.62917801e+08  2.94848492e-01  3.60231136e-03
 1.07598596e+08  2.37492527e+07  1.63001590e+08  2.94848037e-01  3.60233285e-03
 1.08460841e+08  2.36405602e+07  1.63088638e+08  2.94847555e-01  3.60235234e-03
 1.09323086e+08  2.35318677e+07  1.63175686e+08  2.94847073e-01  3.60237182e-03
 1.10185330e+08  2.34231752e+07  1.63262734e+08  2.94846591e-01  3.60239131e-03
 1.11047575e+08  2.33144827e+07  1.63349782e+08  2.94846109e-01  3.60241080e-03
 1.11909820e+08  2.32247168e+07  1.63424438e+08  2.94845666e-01  3.60242617e-03
 1.12772064e+08  2.31386644e+07  1.63496662e+08  2.94845230e-01  3.60244073e-03
 1.13634309e+08  2.30526119e+07  1.63568886e+08  2.94844795e-01  3.60245529e-03
 1.14496554e+08  2.29665595e+07  1.63641110e+08  2.94844359e-01  3.60246985e-03
 1.15358798e+08  2.28805070e+07  1.63713335e+08  2.94843923e-01  3.60248441e-03
 1.16221043e+08  2.27944586e+07  1.63785594e+08  2.94843487e-01  3.60249901e-03
 1.17083288e+08  2.27092031e+07  1.63864700e+08  2.94842973e-01  3.60252071e-03
 1.17945533e+08  2.26239476e+07  1.63943807e+08  2.94842459e-01  3.60254240e-03
 1.18807777e+08  2.25386921e+07  1.64022913e+08  2.94841945e-01  3.60256410e-03
 1.19670022e+08  2.24534366e+07  1.64102019e+08  2.94841431e-01  3.60258580e-03
 1.20532267e+08  2.23681811e+07  1.64181125e+08  2.94840917e-01  3.60260749e-03
 1.21394511e+08  2.22829256e+07  1.64260232e+08  2.94840403e-01  3.60262919e-03
 1.22256756e+08  2.21976701e+07  1.64339338e+08  2.94839889e-01  3.60265089e-03
 1.23119001e+08  2.21071885e+07  1.64428090e+08  2.94839289e-01  3.60267597e-03
 1.23981245e+08  2.20094484e+07  1.64530240e+08  2.94838569e-01  3.60270575e-03
 1.24843490e+08  2.19117084e+07  1.64632390e+08  2.94837849e-01  3.60273554e-03
 1.25705735e+08  2.18139684e+07  1.64734539e+08  2.94837129e-01  3.60276532e-03
 1.26567979e+08  2.17162283e+07  1.64836689e+08  2.94836410e-01  3.60279511e-03
 1.27430224e+08  2.16184883e+07  1.64938839e+08  2.94835690e-01  3.60282489e-03
 1.28292469e+08  2.15207483e+07  1.65040989e+08  2.94834970e-01  3.60285468e-03
 1.29154714e+08  2.14230083e+07  1.65143138e+08  2.94834250e-01  3.60288447e-03
 1.30016958e+08  2.13324473e+07  1.65251194e+08  2.94833418e-01  3.60291496e-03
 1.30879203e+08  2.12420933e+07  1.65359421e+08  2.94832583e-01  3.60294548e-03
 1.31741448e+08  2.11517392e+07  1.65467647e+08  2.94831747e-01  3.60297600e-03
 1.32603692e+08  2.10613852e+07  1.65575873e+08  2.94830912e-01  3.60300652e-03
 1.33465937e+08  2.09710311e+07  1.65684100e+08  2.94830077e-01  3.60303704e-03
 1.34328182e+08  2.08806771e+07  1.65792326e+08  2.94829241e-01  3.60306756e-03
 1.35190426e+08  2.07903231e+07  1.65900553e+08  2.94828406e-01  3.60309808e-03
 1.36052671e+08  2.06999690e+07  1.66008779e+08  2.94827570e-01  3.60312859e-03
 1.36914916e+08  2.06085476e+07  1.66118450e+08  2.94826716e-01  3.60316000e-03
 1.37777161e+08  2.04824879e+07  1.66275007e+08  2.94825240e-01  3.60322010e-03
 1.38639405e+08  2.03564282e+07  1.66431563e+08  2.94823765e-01  3.60328021e-03
 1.39501650e+08  2.02303685e+07  1.66588120e+08  2.94822289e-01  3.60334032e-03
 1.40363895e+08  2.01043089e+07  1.66744676e+08  2.94820814e-01  3.60340043e-03
 1.41226139e+08  1.99782492e+07  1.66901233e+08  2.94819338e-01  3.60346054e-03
 1.42088384e+08  1.98707804e+07  1.67039920e+08  2.94817985e-01  3.60351255e-03
 1.42950629e+08  1.97884688e+07  1.67154426e+08  2.94816795e-01  3.60355360e-03
 1.43812873e+08  1.97061573e+07  1.67268932e+08  2.94815606e-01  3.60359465e-03
 1.44675118e+08  1.96238457e+07  1.67383438e+08  2.94814416e-01  3.60363570e-03
 1.45537363e+08  1.95415342e+07  1.67497945e+08  2.94813227e-01  3.60367675e-03
 1.46399607e+08  1.94592226e+07  1.67612451e+08  2.94812038e-01  3.60371780e-03
 1.47261852e+08  1.93769111e+07  1.67726957e+08  2.94810848e-01  3.60375886e-03
 1.48124097e+08  1.92945995e+07  1.67841463e+08  2.94809659e-01  3.60379991e-03
 1.48986342e+08  1.92122879e+07  1.67955970e+08  2.94808469e-01  3.60384096e-03
 1.49848586e+08  1.90906006e+07  1.68147581e+08  2.94806330e-01  3.60392238e-03
 1.50710831e+08  1.89568283e+07  1.68362857e+08  2.94803900e-01  3.60401619e-03
 1.51573076e+08  1.88230559e+07  1.68578132e+08  2.94801470e-01  3.60411001e-03
 1.52435320e+08  1.86892836e+07  1.68793408e+08  2.94799040e-01  3.60420382e-03
 1.53297565e+08  1.85555112e+07  1.69008684e+08  2.94796609e-01  3.60429763e-03
 1.54159810e+08  1.84518454e+07  1.69186561e+08  2.94794459e-01  3.60436962e-03
 1.55022054e+08  1.83546383e+07  1.69356415e+08  2.94792368e-01  3.60443692e-03
 1.55884299e+08  1.82574313e+07  1.69526268e+08  2.94790278e-01  3.60450423e-03
 1.56746544e+08  1.81602242e+07  1.69696122e+08  2.94788187e-01  3.60457154e-03
 1.57608788e+08  1.80630171e+07  1.69865975e+08  2.94786096e-01  3.60463884e-03
 1.58471033e+08  1.79664222e+07  1.70046502e+08  2.94783724e-01  3.60472301e-03
 1.59333278e+08  1.78700129e+07  1.70230264e+08  2.94781267e-01  3.60481230e-03
 1.60195523e+08  1.77736035e+07  1.70414027e+08  2.94778809e-01  3.60490159e-03
 1.61057767e+08  1.76771942e+07  1.70597789e+08  2.94776351e-01  3.60499087e-03
 1.61920012e+08  1.75807849e+07  1.70781551e+08  2.94773894e-01  3.60508016e-03
 1.62782257e+08  1.74561384e+07  1.71032428e+08  2.94770387e-01  3.60521379e-03
 1.63644501e+08  1.73088440e+07  1.71337135e+08  2.94766039e-01  3.60538300e-03
 1.64506746e+08  1.71629570e+07  1.71639043e+08  2.94761727e-01  3.60555042e-03
 1.65368991e+08  1.70924891e+07  1.71790968e+08  2.94759365e-01  3.60562226e-03
 1.66231235e+08  1.70220211e+07  1.71942893e+08  2.94757003e-01  3.60569411e-03
 1.67093480e+08  1.69515532e+07  1.72094818e+08  2.94754641e-01  3.60576595e-03
 1.67955725e+08  1.68810852e+07  1.72246743e+08  2.94752280e-01  3.60583780e-03
 1.68817970e+08  1.68106173e+07  1.72398668e+08  2.94749918e-01  3.60590964e-03
 1.69680214e+08  1.67269785e+07  1.72586751e+08  2.94746958e-01  3.60600257e-03
 1.70542459e+08  1.66074470e+07  1.72873372e+08  2.94742370e-01  3.60615297e-03
 1.71404704e+08  1.64879154e+07  1.73159992e+08  2.94737781e-01  3.60630336e-03
 1.72266948e+08  1.63683839e+07  1.73446613e+08  2.94733193e-01  3.60645376e-03
 1.73129193e+08  1.62611034e+07  1.73709828e+08  2.94728798e-01  3.60660464e-03
 1.73991438e+08  1.61690492e+07  1.73943953e+08  2.94724646e-01  3.60675611e-03
 1.74853682e+08  1.60769950e+07  1.74178078e+08  2.94720493e-01  3.60690759e-03
 1.75715927e+08  1.59849407e+07  1.74412203e+08  2.94716341e-01  3.60705907e-03
 1.76578172e+08  1.58947639e+07  1.74646132e+08  2.94712102e-01  3.60720786e-03
 1.77440416e+08  1.58082701e+07  1.74879675e+08  2.94707693e-01  3.60735140e-03
 1.78302661e+08  1.57217763e+07  1.75113218e+08  2.94703285e-01  3.60749494e-03
 1.79164906e+08  1.56352825e+07  1.75346760e+08  2.94698877e-01  3.60763848e-03
 1.80027151e+08  1.55487887e+07  1.75580303e+08  2.94694469e-01  3.60778202e-03
 1.80889395e+08  1.54501604e+07  1.75856232e+08  2.94689106e-01  3.60795803e-03
 1.81751640e+08  1.53308424e+07  1.76204429e+08  2.94682115e-01  3.60818940e-03
 1.82613885e+08  1.52115243e+07  1.76552626e+08  2.94675124e-01  3.60842077e-03
 1.83476129e+08  1.50995833e+07  1.76881826e+08  2.94668434e-01  3.60864283e-03
 1.84338374e+08  1.50179996e+07  1.77132856e+08  2.94662983e-01  3.60882660e-03
 1.85200619e+08  1.49364158e+07  1.77383885e+08  2.94657531e-01  3.60901038e-03
 1.86062863e+08  1.48548320e+07  1.77634915e+08  2.94652080e-01  3.60919415e-03
 1.86925108e+08  1.47732482e+07  1.77885944e+08  2.94646628e-01  3.60937792e-03
 1.87787353e+08  1.46477878e+07  1.78300289e+08  2.94637304e-01  3.60966175e-03
 1.88649598e+08  1.45222616e+07  1.78714879e+08  2.94627974e-01  3.60994573e-03
 1.89511842e+08  1.44280499e+07  1.79031534e+08  2.94620588e-01  3.61017578e-03
 1.90374087e+08  1.43548313e+07  1.79282534e+08  2.94614506e-01  3.61036967e-03
 1.91236332e+08  1.42816127e+07  1.79533534e+08  2.94608423e-01  3.61056356e-03
 1.92098576e+08  1.42083942e+07  1.79784533e+08  2.94602340e-01  3.61075745e-03
 1.92960821e+08  1.41092582e+07  1.80142540e+08  2.94593478e-01  3.61104538e-03
 1.93823066e+08  1.39941440e+07  1.80566517e+08  2.94582902e-01  3.61139127e-03
 1.94685310e+08  1.38825048e+07  1.80978605e+08  2.94572591e-01  3.61172750e-03
 1.95547555e+08  1.38136721e+07  1.81244238e+08  2.94565551e-01  3.61194457e-03
 1.96409800e+08  1.37448393e+07  1.81509872e+08  2.94558510e-01  3.61216164e-03
 1.97272044e+08  1.36760066e+07  1.81775505e+08  2.94551469e-01  3.61237871e-03
 1.98134289e+08  1.36071738e+07  1.82041139e+08  2.94544429e-01  3.61259578e-03
 1.98996534e+08  1.35247845e+07  1.82372716e+08  2.94535496e-01  3.61287108e-03
 1.99858779e+08  1.34139429e+07  1.82842695e+08  2.94522593e-01  3.61326857e-03
 2.00721023e+08  1.33031013e+07  1.83312673e+08  2.94509691e-01  3.61366606e-03
 2.01583268e+08  1.32001798e+07  1.83752881e+08  2.94497495e-01  3.61404259e-03
 2.02445513e+08  1.31268795e+07  1.84081746e+08  2.94487943e-01  3.61434071e-03
 2.03307757e+08  1.30535792e+07  1.84410610e+08  2.94478391e-01  3.61463882e-03
 2.04170002e+08  1.29802789e+07  1.84739475e+08  2.94468840e-01  3.61493694e-03
 2.05032247e+08  1.29069786e+07  1.85068340e+08  2.94459288e-01  3.61523506e-03
 2.05894491e+08  1.28043501e+07  1.85558023e+08  2.94444695e-01  3.61568208e-03
 2.06756736e+08  1.26849290e+07  1.86139785e+08  2.94427215e-01  3.61621436e-03
 2.07618981e+08  1.25705182e+07  1.86698273e+08  2.94410357e-01  3.61672745e-03
 2.08481225e+08  1.25070793e+07  1.87019983e+08  2.94399823e-01  3.61704538e-03
 2.09343470e+08  1.24436405e+07  1.87341693e+08  2.94389288e-01  3.61736330e-03
 2.10205715e+08  1.23802016e+07  1.87663404e+08  2.94378753e-01  3.61768122e-03
 2.11067960e+08  1.23167627e+07  1.87985114e+08  2.94368219e-01  3.61799914e-03
 2.11930204e+08  1.22533238e+07  1.88306824e+08  2.94357684e-01  3.61831706e-03
 2.12792449e+08  1.21442930e+07  1.88910625e+08  2.94337546e-01  3.61890152e-03
 2.13654694e+08  1.20294337e+07  1.89550489e+08  2.94316181e-01  3.61952005e-03
 2.14516938e+08  1.19145744e+07  1.90190353e+08  2.94294815e-01  3.62013858e-03
 2.15379183e+08  1.18370512e+07  1.90647380e+08  2.94278880e-01  3.62059813e-03
 2.16241428e+08  1.17616811e+07  1.91093864e+08  2.94263259e-01  3.62104851e-03
 2.17103672e+08  1.16863110e+07  1.91540348e+08  2.94247638e-01  3.62149889e-03
 2.17965917e+08  1.16051104e+07  1.92041486e+08  2.94229985e-01  3.62200905e-03
 2.18828162e+08  1.15154046e+07  1.92622351e+08  2.94209368e-01  3.62260639e-03
 2.19690407e+08  1.14256988e+07  1.93203217e+08  2.94188751e-01  3.62320374e-03
 2.20552651e+08  1.13488818e+07  1.93712657e+08  2.94170280e-01  3.62373274e-03
 2.21414896e+08  1.12854182e+07  1.94148099e+08  2.94154033e-01  3.62419094e-03
 2.22277141e+08  1.12219545e+07  1.94583541e+08  2.94137786e-01  3.62464914e-03
 2.23139385e+08  1.11584909e+07  1.95018983e+08  2.94121539e-01  3.62510734e-03
 2.24001630e+08  1.10950272e+07  1.95454425e+08  2.94105291e-01  3.62556554e-03
 2.24863875e+08  1.10162356e+07  1.95980275e+08  2.94083694e-01  3.62616911e-03
 2.25726119e+08  1.09201577e+07  1.96608082e+08  2.94056064e-01  3.62693663e-03
 2.26588364e+08  1.08240797e+07  1.97235890e+08  2.94028433e-01  3.62770415e-03
 2.27450609e+08  1.07285741e+07  1.97862006e+08  2.94000909e-01  3.62846840e-03
 2.28312853e+08  1.06580913e+07  1.98414161e+08  2.93978069e-01  3.62908995e-03
 2.29175098e+08  1.05876085e+07  1.98966316e+08  2.93955229e-01  3.62971151e-03
 2.30037343e+08  1.05171257e+07  1.99518471e+08  2.93932388e-01  3.63033307e-03
 2.30899588e+08  1.04466429e+07  2.00070627e+08  2.93909548e-01  3.63095462e-03
 2.31761832e+08  1.03395057e+07  2.00977367e+08  2.93871758e-01  3.63196339e-03
 2.32624077e+08  1.02254009e+07  2.01951509e+08  2.93831127e-01  3.63304576e-03
 2.33486322e+08  1.01111421e+07  2.02949726e+08  2.93788308e-01  3.63417914e-03
 2.34348566e+08  1.00267348e+07  2.03699369e+08  2.93755391e-01  3.63504645e-03
 2.35210811e+08  9.96182655e+06  2.04284733e+08  2.93729081e-01  3.63573699e-03
 2.36073056e+08  9.89609096e+06  2.04883953e+08  2.93701907e-01  3.63644783e-03
 2.36935300e+08  9.81308591e+06  2.05655007e+08  2.93666696e-01  3.63736281e-03
 2.37797545e+08  9.73936222e+06  2.06353417e+08  2.93634427e-01  3.63819156e-03
 2.38659790e+08  9.65437519e+06  2.07172982e+08  2.93596328e-01  3.63916232e-03
 2.39522035e+08  9.57978092e+06  2.07905741e+08  2.93562277e-01  3.64002300e-03
 2.40384279e+08  9.51409124e+06  2.08562618e+08  2.93531501e-01  3.64079081e-03
 2.41246524e+08  9.44881760e+06  2.09228196e+08  2.93499857e-01  3.64156565e-03
 2.42108769e+08  9.37920641e+06  2.09951272e+08  2.93465085e-01  3.64241053e-03
 2.42971013e+08  9.31248195e+06  2.10655895e+08  2.93430910e-01  3.64323571e-03
 2.43833258e+08  9.25224421e+06  2.11301838e+08  2.93399366e-01  3.64399316e-03
 2.44695503e+08  9.16566002e+06  2.12255560e+08  2.93352810e-01  3.64511035e-03
 2.45557747e+08  9.08366406e+06  2.13177667e+08  2.93307422e-01  3.64619740e-03
 2.46419992e+08  9.02013942e+06  2.13906830e+08  2.93271196e-01  3.64706681e-03
 2.47282237e+08  8.95468831e+06  2.14672202e+08  2.93233022e-01  3.64797401e-03
 2.48144481e+08  8.88690782e+06  2.15478895e+08  2.93192759e-01  3.64891938e-03
 2.49006726e+08  8.82246592e+06  2.16258723e+08  2.93153974e-01  3.64982285e-03
 2.49868971e+08  8.75450053e+06  2.17101812e+08  2.93111428e-01  3.65079989e-03
 2.50731216e+08  8.67079397e+06  2.18159729e+08  2.93057633e-01  3.65202499e-03
 2.51593460e+08  8.59686783e+06  2.19113408e+08  2.93008861e-01  3.65312265e-03
 2.52455705e+08  8.54427525e+06  2.19803555e+08  2.92973426e-01  3.65390930e-03
 2.53317950e+08  8.48129678e+06  2.20646242e+08  2.92929915e-01  3.65487004e-03
 2.54180194e+08  8.40231498e+06  2.21722596e+08  2.92874087e-01  3.65609623e-03
 2.55042439e+08  8.32844098e+06  2.22749964e+08  2.92820307e-01  3.65726650e-03
 2.55904684e+08  8.27902093e+06  2.23448480e+08  2.92783303e-01  3.65806326e-03
 2.56766928e+08  8.20741366e+06  2.24480043e+08  2.92728708e-01  3.65923899e-03
 2.57629173e+08  8.13762815e+06  2.25501782e+08  2.92674550e-01  3.66039480e-03
 2.58491418e+08  8.05857739e+06  2.26681546e+08  2.92611760e-01  3.66171191e-03
 2.59353663e+08  8.00877187e+06  2.27435160e+08  2.92571123e-01  3.66254986e-03
 2.60215907e+08  7.94777619e+06  2.28371414e+08  2.92520493e-01  3.66358380e-03
 2.61078152e+08  7.88200831e+06  2.29398343e+08  2.92464898e-01  3.66470690e-03
 2.61940397e+08  7.80901339e+06  2.30561844e+08  2.92402045e-01  3.66596426e-03
 2.62802641e+08  7.75947870e+06  2.31365007e+08  2.92358299e-01  3.66682914e-03
 2.63664886e+08  7.71040835e+06  2.32176656e+08  2.92314080e-01  3.66769531e-03
 2.64527131e+08  7.66011784e+06  2.33017583e+08  2.92268295e-01  3.66858803e-03
 2.65389375e+08  7.58725256e+06  2.34282160e+08  2.92200451e-01  3.66989704e-03
 2.66251620e+08  7.49485853e+06  2.35919070e+08  2.92112476e-01  3.67157569e-03
 2.67113865e+08  7.44108995e+06  2.36864760e+08  2.92059753e-01  3.67256316e-03
 2.67976109e+08  7.39370891e+06  2.37687591e+08  2.92012693e-01  3.67343987e-03
 2.68838354e+08  7.33314883e+06  2.38725660e+08  2.91950978e-01  3.67458982e-03
 2.69700599e+08  7.28708996e+06  2.39594126e+08  2.91902673e-01  3.67548870e-03
 2.70562844e+08  7.24106119e+06  2.40462241e+08  2.91854396e-01  3.67638706e-03
 2.71425088e+08  7.17103738e+06  2.41848671e+08  2.91779148e-01  3.67778794e-03
 2.72287333e+08  7.10026164e+06  2.43272968e+08  2.91702001e-01  3.67922959e-03
 2.73149578e+08  7.05159953e+06  2.44261549e+08  2.91647664e-01  3.68025665e-03
 2.74011822e+08  6.99606919e+06  2.45401793e+08  2.91584854e-01  3.68144636e-03
 2.74874067e+08  6.92469727e+06  2.46891847e+08  2.91502503e-01  3.68301121e-03
 2.75736312e+08  6.88073864e+06  2.47824577e+08  2.91450593e-01  3.68399004e-03
 2.76598556e+08  6.83996941e+06  2.48692465e+08  2.91402224e-01  3.68490068e-03
 2.77460801e+08  6.79920018e+06  2.49560353e+08  2.91353856e-01  3.68581132e-03
 2.78323046e+08  6.74207169e+06  2.50822893e+08  2.91284140e-01  3.68710958e-03
 2.79185290e+08  6.66691811e+06  2.52520272e+08  2.91190902e-01  3.68883492e-03
 2.80047535e+08  6.60331750e+06  2.53971123e+08  2.91110884e-01  3.69030742e-03
 2.80909780e+08  6.55653570e+06  2.55063077e+08  2.91050113e-01  3.69141185e-03
 2.81772025e+08  6.50975390e+06  2.56155031e+08  2.90989341e-01  3.69251628e-03
 2.82634269e+08  6.45162024e+06  2.57547194e+08  2.90912345e-01  3.69390837e-03
 2.83496514e+08  6.37105490e+06  2.59532581e+08  2.90803289e-01  3.69586891e-03
 2.84358759e+08  6.31123371e+06  2.61032148e+08  2.90721070e-01  3.69734271e-03
 2.85221003e+08  6.25914099e+06  2.62351294e+08  2.90648848e-01  3.69863577e-03
 2.86083248e+08  6.21756204e+06  2.63432394e+08  2.90590198e-01  3.69969078e-03
 2.86945493e+08  6.17598309e+06  2.64513495e+08  2.90531548e-01  3.70074580e-03
 2.87807737e+08  6.13440414e+06  2.65594596e+08  2.90472898e-01  3.70180082e-03
 2.88669982e+08  6.04306796e+06  2.68102281e+08  2.90337699e-01  3.70420560e-03
 2.89532227e+08  5.99146612e+06  2.69533485e+08  2.90259429e-01  3.70557324e-03
 2.90394472e+08  5.95343365e+06  2.70596777e+08  2.90200618e-01  3.70658650e-03
 2.91256716e+08  5.91511046e+06  2.71669211e+08  2.90141319e-01  3.70760780e-03
 2.92118961e+08  5.85305900e+06  2.73487777e+08  2.90042089e-01  3.70928476e-03
 2.92981206e+08  5.78964573e+06  2.75351727e+08  2.89940620e-01  3.71099902e-03
 2.93843450e+08  5.71657197e+06  2.77564713e+08  2.89822493e-01  3.71298089e-03
 2.94705695e+08  5.67872795e+06  2.78723951e+08  2.89758816e-01  3.71401089e-03
 2.95567940e+08  5.62609304e+06  2.80364286e+08  2.89668116e-01  3.71545188e-03
 2.96430184e+08  5.56774441e+06  2.82215044e+08  2.89564808e-01  3.71705605e-03
 2.97292429e+08  5.52397882e+06  2.83621952e+08  2.89485237e-01  3.71826438e-03
 2.98154674e+08  5.47479743e+06  2.85227116e+08  2.89393079e-01  3.71964083e-03
 2.99016918e+08  5.41339090e+06  2.87271983e+08  2.89274515e-01  3.72138560e-03
 2.99879163e+08  5.35961440e+06  2.89093400e+08  2.89162899e-01  3.72293751e-03
 3.00741408e+08  5.31602588e+06  2.90591368e+08  2.89067674e-01  3.72420651e-03
 3.01603653e+08  5.26421661e+06  2.92400044e+08  2.88946619e-01  3.72569612e-03
 3.02465897e+08  5.22103058e+06  2.93929958e+08  2.88841190e-01  3.72692956e-03
 3.03328142e+08  5.17380074e+06  2.95625996e+08  2.88718163e-01  3.72825701e-03
 3.04190387e+08  5.12013757e+06  2.97585297e+08  2.88551309e-01  3.72969896e-03
 3.05052631e+08  5.07658033e+06  2.99195817e+08  2.88401320e-01  3.73077159e-03
 3.05914876e+08  5.03084458e+06  3.00906310e+08  2.88022072e-01  3.73230530e-03
 3.06777121e+08  4.99069817e+06  3.02420700e+08  2.87688520e-01  3.73371974e-03
 3.07639365e+08  4.93481945e+06  3.04544473e+08  2.87688520e-01  3.73515533e-03
 3.08501610e+08  4.89895082e+06  3.05914858e+08  2.87732251e-01  3.73575634e-03
 3.09363855e+08  4.85954324e+06  3.07427570e+08  2.87798218e-01  3.73637631e-03
 3.10226100e+08  4.81932267e+06  3.08977695e+08  2.88509518e-01  3.73734900e-03
 3.11088344e+08  4.78456939e+06  3.10321103e+08  2.89973812e-01  3.73861424e-03
 3.11950589e+08  4.74574318e+06  3.11839802e+08  2.91521176e-01  3.73986200e-03
 3.12812834e+08  4.70185106e+06  3.13576531e+08  2.93171863e-01  3.74108800e-03
 3.13675078e+08  4.65914003e+06  3.15294750e+08  2.94883871e-01  3.74222614e-03
 3.14537323e+08  4.61809219e+06  3.16986906e+08  2.96682229e-01  3.74324055e-03
 3.15399568e+08  4.57627452e+06  3.18723483e+08  2.98175488e-01  3.74409339e-03
 3.16261812e+08  4.52930413e+06  3.20757380e+08  2.97626632e-01  3.74386478e-03
 3.17124057e+08  4.48501734e+06  3.22683725e+08  2.97100460e-01  3.74364369e-03
 3.17986302e+08  4.45016637e+06  3.24231912e+08  2.96654045e-01  3.74344901e-03
 3.18848546e+08  4.41531541e+06  3.25780098e+08  2.96207629e-01  3.74325432e-03
 3.19710791e+08  4.37712806e+06  3.27492867e+08  2.95718692e-01  3.74301664e-03
 3.20573036e+08  4.33135336e+06  3.29579917e+08  2.95133055e-01  3.74268118e-03
 3.21435281e+08  4.28557865e+06  3.31666966e+08  2.94547418e-01  3.74234571e-03
 3.22297525e+08  4.24270382e+06  3.33653923e+08  2.94002304e-01  3.74197415e-03
 3.23159770e+08  4.20012960e+06  3.35630504e+08  2.93461391e-01  3.74159884e-03
 3.24022015e+08  4.15918001e+06  3.37555420e+08  2.92944124e-01  3.74118353e-03
 3.24884259e+08  4.11886434e+06  3.39460176e+08  2.92436085e-01  3.74075260e-03
 3.25746504e+08  4.07983562e+06  3.41322460e+08  2.91941416e-01  3.74029385e-03
 3.26608749e+08  4.04177137e+06  3.43152915e+08  2.91456766e-01  3.73981425e-03
 3.27470993e+08  4.00423571e+06  3.44967078e+08  2.90975510e-01  3.73932501e-03
 3.28333238e+08  3.96807834e+06  3.46738759e+08  2.90503106e-01  3.73881062e-03
 3.29195483e+08  3.93192097e+06  3.48510440e+08  2.90030702e-01  3.73829624e-03
 3.30057727e+08  3.88856191e+06  3.50668096e+08  2.89461350e-01  3.73761941e-03
 3.30919972e+08  3.84119762e+06  3.53040414e+08  2.88838079e-01  3.73685225e-03
 3.31782217e+08  3.80643119e+06  3.54798923e+08  2.88386072e-01  3.73622680e-03
 3.32644462e+08  3.77337188e+06  3.56474255e+08  2.87957273e-01  3.73562055e-03
 3.33506706e+08  3.74017710e+06  3.58172124e+08  2.87530006e-01  3.73497695e-03
 3.34368951e+08  3.70688675e+06  3.59885888e+08  2.87103820e-01  3.73430702e-03
 3.35231196e+08  3.67359641e+06  3.61599653e+08  2.86677634e-01  3.73363709e-03
 3.36093440e+08  3.62844813e+06  3.63959056e+08  2.86104034e-01  3.73265853e-03
 3.36955685e+08  3.58094210e+06  3.66451241e+08  2.85502160e-01  3.73160595e-03
 3.37817930e+08  3.54490395e+06  3.68355077e+08  2.85051326e-01  3.73074827e-03
 3.38680174e+08  3.50722324e+06  3.70354558e+08  2.84582203e-01  3.72982122e-03
 3.39542419e+08  3.46809633e+06  3.72441817e+08  2.84098396e-01  3.72882558e-03
 3.40404664e+08  3.42855980e+06  3.74563491e+08  2.83614886e-01  3.72779561e-03
 3.41266909e+08  3.38838657e+06  3.76731438e+08  2.83127774e-01  3.72669822e-03
 3.42129153e+08  3.35589005e+06  3.78492842e+08  2.82734420e-01  3.72576883e-03
 3.42991398e+08  3.32799676e+06  3.80009570e+08  2.82397961e-01  3.72494585e-03
 3.43853643e+08  3.29425022e+06  3.81852569e+08  2.81996870e-01  3.72392438e-03
 3.44715887e+08  3.25467448e+06  3.84024336e+08  2.81532964e-01  3.72269152e-03
 3.45578132e+08  3.21953950e+06  3.85958805e+08  2.81124010e-01  3.72156338e-03
 3.46440377e+08  3.19070193e+06  3.87550600e+08  2.80790799e-01  3.72061489e-03
 3.47302621e+08  3.15702211e+06  3.89414634e+08  2.80401577e-01  3.71949668e-03
 3.48164866e+08  3.12471467e+06  3.91207085e+08  2.80032508e-01  3.71838318e-03
 3.49027111e+08  3.09594095e+06  3.92806116e+08  2.79707291e-01  3.71735785e-03
 3.49889355e+08  3.06815529e+06  3.94352105e+08  2.79394438e-01  3.71635019e-03
 3.50751600e+08  3.02722405e+06  3.96635850e+08  2.78936963e-01  3.71482785e-03
 3.51613845e+08  2.99866014e+06  3.98230699e+08  2.78622298e-01  3.71374175e-03
 3.52476090e+08  2.97420081e+06  3.99596929e+08  2.78353863e-01  3.71280474e-03
 3.53338334e+08  2.94354002e+06  4.01311834e+08  2.78018518e-01  3.71159868e-03
 3.54200579e+08  2.90271343e+06  4.03598218e+08  2.77574711e-01  3.70993984e-03
 3.55062824e+08  2.87737583e+06  4.05016642e+08  2.77303478e-01  3.70890211e-03
 3.55925068e+08  2.84525573e+06  4.06815705e+08  2.76952266e-01  3.70755290e-03
 3.56787313e+08  2.81298815e+06  4.08622807e+08  2.76600828e-01  3.70617672e-03
 3.57649558e+08  2.78983043e+06  4.09918605e+08  2.76360087e-01  3.70518763e-03
 3.58511802e+08  2.75820969e+06  4.11688117e+08  2.76037584e-01  3.70381982e-03
 3.59374047e+08  2.73026502e+06  4.13250458e+08  2.75780397e-01  3.70261170e-03
 3.60236292e+08  2.69945085e+06  4.14971867e+08  2.75366492e-01  3.70110318e-03
 3.61098537e+08  2.67332881e+06  4.16429533e+08  2.74895702e-01  3.69966237e-03
 3.61960781e+08  2.64593866e+06  4.17956446e+08  2.74218224e-01  3.69795239e-03
 3.62823026e+08  2.62172145e+06  4.19304420e+08  2.73471662e-01  3.69641592e-03
 3.63685271e+08  2.59099715e+06  4.21013140e+08  2.72243735e-01  3.69393393e-03
 3.64547515e+08  2.56206514e+06  4.22619560e+08  2.70862968e-01  3.69085102e-03
 3.65409760e+08  2.53495791e+06  4.24123016e+08  2.68539022e-01  3.68631201e-03
 3.66272005e+08  2.50796085e+06  4.25617225e+08  2.66230307e-01  3.68134229e-03
 3.67134249e+08  2.48127406e+06  4.27086761e+08  2.66297448e-01  3.67893323e-03
 3.67996494e+08  2.45481556e+06  4.28539971e+08  2.66410631e-01  3.67724119e-03
 3.68858739e+08  2.42792534e+06  4.30010650e+08  2.67750946e-01  3.67638162e-03
 3.69720983e+08  2.39462867e+06  4.31823685e+08  2.70021301e-01  3.67594192e-03
 3.70583228e+08  2.36220574e+06  4.33271853e+08  4.54119002e-01  3.78516208e-03
 3.71445473e+08  2.34048476e+06  4.34431872e+08  4.53697776e-01  3.78423711e-03
 3.72307718e+08  2.32036115e+06  4.35498920e+08  4.53340996e-01  3.78332335e-03
 3.73169962e+08  2.29812589e+06  4.36669078e+08  4.52979298e-01  3.78226347e-03
 3.74032207e+08  2.26875708e+06  4.38201290e+08  4.52525836e-01  3.78077067e-03
 3.74894452e+08  2.24480790e+06  4.39437847e+08  4.52173496e-01  3.77943953e-03
 3.75756696e+08  2.22764373e+06  4.40318512e+08  4.51928822e-01  3.77843512e-03
 3.76618941e+08  2.19557838e+06  4.41943387e+08  4.51712956e-01  3.77601301e-03
 3.77481186e+08  2.17177255e+06  4.43136627e+08  4.51670910e-01  3.77468074e-03
 3.78343430e+08  2.14875088e+06  4.44279312e+08  4.51630056e-01  3.77335219e-03
 3.79205675e+08  2.13091796e+06  4.45156667e+08  4.51598251e-01  3.77229172e-03
 3.80067920e+08  2.10098181e+06  4.46611543e+08  4.51814350e-01  3.76960950e-03
 3.80930164e+08  2.08021583e+06  4.47608975e+08  4.51768780e-01  3.76810758e-03
 3.81792409e+08  2.06012619e+06  4.48564412e+08  4.51658503e-01  3.76620182e-03
 3.82654654e+08  2.03574808e+06  4.49710998e+08  4.51497485e-01  3.76391501e-03
 3.83516899e+08  2.01435092e+06  4.50704979e+08  4.51278692e-01  3.76179259e-03
 3.84379143e+08  1.99234828e+06  4.51715049e+08  4.51091465e-01  3.75953667e-03
 3.85241388e+08  1.96979003e+06  4.52737118e+08  4.51013030e-01  3.75715911e-03
 3.86103633e+08  1.94804942e+06  4.53708961e+08  4.50939300e-01  3.75480202e-03
 3.86965877e+08  1.92451417e+06  4.54747134e+08  4.50904574e-01  3.75217223e-03
 3.87828122e+08  1.90537523e+06  4.55579594e+08  4.50896999e-01  3.74994483e-03
 3.88690367e+08  1.88866149e+06  4.56295975e+08  4.50921147e-01  3.74781341e-03
 3.89552611e+08  1.87115321e+06  4.57040623e+08  4.50946823e-01  3.74563154e-03
 3.90414856e+08  1.85053484e+06  4.57901928e+08  4.50970573e-01  3.74326598e-03
 3.91277101e+08  1.82731133e+06  4.58857624e+08  4.51050634e-01  3.74032088e-03
 3.92139346e+08  1.80368262e+06  4.59812677e+08  4.51185646e-01  3.73709895e-03
 3.93001590e+08  1.78451654e+06  4.60574032e+08  4.51320772e-01  3.73447777e-03
 3.93863835e+08  1.76840325e+06  4.61203586e+08  4.51454113e-01  3.73227078e-03
 3.94726080e+08  1.75156481e+06  4.61852590e+08  4.51595304e-01  3.72989905e-03
 3.95588324e+08  1.73357268e+06  4.62532535e+08  4.51748983e-01  3.72726523e-03
 3.96450569e+08  1.71439305e+06  4.63250296e+08  4.51921390e-01  3.72442982e-03
 3.97312814e+08  1.69002056e+06  4.64133422e+08  4.52175691e-01  3.72071292e-03
 3.98175058e+08  1.67392268e+06  4.64704668e+08  4.52372600e-01  3.71824185e-03
 3.99037303e+08  1.66047213e+06  4.65176133e+08  4.52551149e-01  3.71616935e-03
 3.99899548e+08  1.64702158e+06  4.65647598e+08  4.52729697e-01  3.71409686e-03
 4.00761792e+08  1.62718930e+06  4.66312449e+08  4.53005854e-01  3.71089673e-03
 4.01624037e+08  1.59929249e+06  4.67221679e+08  4.53405360e-01  3.70627162e-03
 4.02486282e+08  1.58161492e+06  4.67779994e+08  4.53673596e-01  3.70325411e-03
 4.03348527e+08  1.56620990e+06  4.68260272e+08  4.53912639e-01  3.70059409e-03
 4.04210771e+08  1.54562946e+06  4.68876392e+08  4.54256990e-01  3.69729332e-03
 4.05073016e+08  1.52354547e+06  4.69518305e+08  4.54645467e-01  3.69333289e-03
 4.05935261e+08  1.50752673e+06  4.69969772e+08  4.54941464e-01  3.68904112e-03
 4.06797505e+08  1.49427329e+06  4.70329016e+08  4.55193900e-01  3.68646620e-03
 4.07659750e+08  1.48158037e+06  4.70669567e+08  4.55437506e-01  3.68423929e-03
 4.08521995e+08  1.46888745e+06  4.71010118e+08  4.55681113e-01  3.68201237e-03
 4.09384239e+08  1.45071713e+06  4.71454140e+08  4.56045710e-01  3.67862515e-03
 4.10246484e+08  1.43148720e+06  4.71918179e+08  4.56433714e-01  3.67501346e-03
 4.11108729e+08  1.41120523e+06  4.72381388e+08  4.56860703e-01  3.67114727e-03
 4.11970974e+08  1.39106807e+06  4.72820007e+08  4.57295976e-01  3.66723928e-03
 4.12833218e+08  1.37635355e+06  4.73121634e+08  4.57608348e-01  3.66420382e-03
 4.13695463e+08  1.36179594e+06  4.73408359e+08  4.57923174e-01  3.66114816e-03
 4.14557708e+08  1.34741144e+06  4.73678642e+08  4.58240705e-01  3.65807020e-03
 4.15419952e+08  1.33282779e+06  4.73937847e+08  4.58566413e-01  3.65491261e-03
 4.16282197e+08  1.31802732e+06  4.74184992e+08  4.58901023e-01  3.65166831e-03
 4.17144442e+08  1.30271732e+06  4.74428059e+08  4.59249863e-01  3.64827343e-03
 4.18006686e+08  1.28638408e+06  4.74662936e+08  4.59627279e-01  3.64457614e-03
 4.18868931e+08  1.27156674e+06  4.74862123e+08  4.59969949e-01  3.64116278e-03
 4.19731176e+08  1.25822116e+06  4.75026660e+08  4.60278885e-01  3.63802510e-03
 4.20593420e+08  1.24473424e+06  4.75183283e+08  4.60594366e-01  3.63482256e-03
 4.21455665e+08  1.23086660e+06  4.75318591e+08  4.60927480e-01  3.63144530e-03
 4.22317910e+08  1.21699896e+06  4.75453900e+08  4.61260594e-01  3.62806804e-03
 4.23180155e+08  1.20149699e+06  4.75566078e+08  4.61625739e-01  3.62415314e-03
 4.24042399e+08  1.18574665e+06  4.75674742e+08  4.61995752e-01  3.62015654e-03
 4.24904644e+08  1.17199718e+06  4.75739171e+08  4.62331972e-01  3.61661510e-03
 4.25766889e+08  1.15837603e+06  4.75800764e+08  4.62666025e-01  3.61310285e-03
 4.26629133e+08  1.14262976e+06  4.75833568e+08  4.63041603e-01  3.60898179e-03
 4.27491378e+08  1.12916927e+06  4.75849754e+08  4.63363470e-01  3.60543442e-03
 4.28353623e+08  1.11778335e+06  4.75851560e+08  4.63636722e-01  3.60240892e-03
 4.29215867e+08  1.10587653e+06  4.75836295e+08  4.63925520e-01  3.59922754e-03
 4.30078112e+08  1.09348615e+06  4.75805181e+08  4.64228748e-01  3.59590146e-03
 4.30940357e+08  1.08094807e+06  4.75761280e+08  4.64532827e-01  3.59252374e-03
 4.31802602e+08  1.06809831e+06  4.75690391e+08  4.64838702e-01  3.58903702e-03
 4.32664846e+08  1.05536531e+06  4.75613086e+08  4.65144394e-01  3.58555867e-03
 4.33527091e+08  1.04312242e+06  4.75508846e+08  4.65449321e-01  3.58211550e-03
 4.34389336e+08  1.03087591e+06  4.75403666e+08  4.65754242e-01  3.57866878e-03
 4.35251580e+08  1.01847754e+06  4.75259113e+08  4.66058951e-01  3.57507317e-03
 4.36113825e+08  1.00607916e+06  4.75114561e+08  4.66363660e-01  3.57147757e-03
 4.36976070e+08  9.87580785e+05  4.74842356e+08  4.66808965e-01  3.56605863e-03
 4.37838314e+08  9.79398476e+05  4.74710995e+08  4.67012565e-01  3.56365294e-03
 4.38700559e+08  9.71216168e+05  4.74579635e+08  4.67216165e-01  3.56124726e-03
 4.39562804e+08  9.53423272e+05  4.74235984e+08  4.67667326e-01  3.55592464e-03
 4.40425048e+08  9.43819315e+05  4.74036565e+08  4.67915853e-01  3.55301491e-03
 4.41287293e+08  9.32609222e+05  4.73787901e+08  4.68204769e-01  3.54957228e-03
 4.42149538e+08  9.20490496e+05  4.73497480e+08  4.68514411e-01  3.54578690e-03
 4.43011783e+08  9.12480903e+05  4.73297784e+08  4.68718586e-01  3.54326161e-03
 4.43874027e+08  9.02291312e+05  4.73022733e+08  4.68982111e-01  3.54002120e-03
 4.44736272e+08  8.90263886e+05  4.72684154e+08  4.69295669e-01  3.53617791e-03
 4.45598517e+08  8.75742586e+05  4.72234382e+08  4.69703498e-01  3.53155021e-03
 4.46460761e+08  8.67737448e+05  4.71977964e+08  4.69925638e-01  3.52865674e-03
 4.47323006e+08  8.57245484e+05  4.71620364e+08  4.70211988e-01  3.52551141e-03
 4.48185251e+08  8.47988419e+05  4.71288785e+08  4.70468663e-01  3.52368461e-03
 4.49047495e+08  8.38662232e+05  4.70945011e+08  4.70729788e-01  3.52222601e-03
 4.49909740e+08  8.27569846e+05  4.70509378e+08  4.71047543e-01  3.52113070e-03
 4.50771985e+08  8.14525448e+05  4.69969521e+08  4.71433160e-01  3.51951825e-03
 4.51634229e+08  8.06940456e+05  4.69642468e+08  4.71682848e-01  3.50368538e-03
 4.52496474e+08  7.96452974e+05  4.69169257e+08  4.72012425e-01  3.49725468e-03
 4.53358719e+08  7.87418107e+05  4.68745746e+08  4.72291050e-01  3.49707129e-03
 4.54220964e+08  7.78299012e+05  4.68302271e+08  4.72585041e-01  3.49676475e-03
 4.55083208e+08  7.67501368e+05  4.67753158e+08  4.72956211e-01  3.49463379e-03
 4.55945453e+08  7.58639857e+05  4.67285003e+08  4.73257796e-01  3.49127124e-03
 4.56807698e+08  7.49164760e+05  4.66766066e+08  4.73579769e-01  3.48699335e-03
 4.57669942e+08  7.39950397e+05  4.66241471e+08  4.73912089e-01  3.48342063e-03
 4.58532187e+08  7.31317953e+05  4.65732994e+08  4.74234522e-01  3.48013916e-03
 4.59394432e+08  7.20591542e+05  4.65076777e+08  4.74629870e-01  3.47511820e-03
 4.60256676e+08  7.13428832e+05  4.64624405e+08  4.74917758e-01  3.47220954e-03
 4.61118921e+08  7.03109092e+05  4.63947996e+08  4.75341706e-01  3.47061139e-03
 4.61981166e+08  6.95001149e+05  4.63399098e+08  4.75666188e-01  3.47021143e-03
 4.62843411e+08  6.86854623e+05  4.62830640e+08  4.76009852e-01  3.46726648e-03
 4.63705655e+08  6.77035654e+05  4.62122146e+08  4.76437383e-01  3.46081551e-03
 4.64567900e+08  6.70558105e+05  4.61641199e+08  4.76729508e-01  3.44757814e-03
 4.65430145e+08  6.60507641e+05  4.60870539e+08  4.77170143e-01  3.44519671e-03
 4.66292389e+08  6.54160560e+05  4.60370949e+08  4.77486540e-01  3.44600440e-03
 4.67154634e+08  6.44776708e+05  4.59608499e+08  4.77937999e-01  3.44372927e-03
 4.68016879e+08  6.37117126e+05  4.58967761e+08  4.78324834e-01  3.44067647e-03
 4.68879123e+08  6.29308553e+05  4.58296217e+08  4.78718090e-01  3.43656007e-03
 4.69741368e+08  6.21685829e+05  4.57622091e+08  4.79104927e-01  3.43199409e-03
 4.70603613e+08  6.13593273e+05  4.56886869e+08  4.79541870e-01  3.42800489e-03
 4.71465857e+08  6.06939010e+05  4.56267257e+08  4.79930620e-01  3.42468921e-03
 4.72328102e+08  5.99066933e+05  4.55513808e+08  4.80386889e-01  3.42058239e-03
 4.73190347e+08  5.92252277e+05  4.54846177e+08  4.80789608e-01  3.41691977e-03
 4.74052592e+08  5.84377603e+05  4.54053215e+08  4.81276093e-01  3.41259093e-03
 4.74914836e+08  5.77014843e+05  4.53291897e+08  4.81722588e-01  3.40839451e-03
 4.75777081e+08  5.70385795e+05  4.52590627e+08  4.82170109e-01  3.40454638e-03
 4.76639326e+08  5.62906721e+05  4.51778884e+08  4.82662736e-01  3.40004501e-03
 4.77501570e+08  5.55909394e+05  4.51001018e+08  4.83144301e-01  3.39566774e-03
 4.78363815e+08  5.49595478e+05  4.50282625e+08  4.83594786e-01  3.39167749e-03
 4.79226060e+08  5.42034109e+05  4.49401514e+08  4.84144557e-01  3.38828853e-03
 4.80088304e+08  5.35689711e+05  4.48644424e+08  4.84615130e-01  3.38701422e-03
 4.80950549e+08  5.29409198e+05  4.47878591e+08  4.85105309e-01  3.37519750e-03
 4.81812794e+08  5.22132082e+05  4.46970140e+08  4.85665115e-01  3.36969536e-03
 4.82675039e+08  5.16376033e+05  4.46236351e+08  4.86128788e-01  3.36734029e-03
 4.83537283e+08  5.09428349e+05  4.45329248e+08  4.86704742e-01  3.36303081e-03
 4.84399528e+08  5.02786315e+05  4.44442410e+08  4.87262386e-01  3.35766045e-03
 4.85261773e+08  4.96495962e+05  4.43583737e+08  4.87794227e-01  3.35222661e-03
 4.86124017e+08  4.90079038e+05  4.42688381e+08  4.88339895e-01  3.34651257e-03
 4.86986262e+08  4.85008287e+05  4.41967620e+08  4.88770492e-01  3.34172272e-03
 4.87848507e+08  4.77902241e+05  4.40934356e+08  4.89408904e-01  3.33498932e-03
 4.88710751e+08  4.72617665e+05  4.40150187e+08  4.89878283e-01  3.32980328e-03
 4.89572996e+08  4.66352495e+05  4.39201327e+08  4.90412150e-01  3.32338397e-03
 4.90435241e+08  4.61361092e+05  4.38430895e+08  4.90848844e-01  3.31807775e-03
 4.91297485e+08  4.54757537e+05  4.37390154e+08  4.91428466e-01  3.31080310e-03
 4.92159730e+08  4.48960386e+05  4.36456900e+08  4.91933708e-01  3.30415371e-03
 4.93021975e+08  4.43313245e+05  4.35529579e+08  4.92411809e-01  3.29741919e-03
 4.93884220e+08  4.37628977e+05  4.34577606e+08  4.92881072e-01  3.29036726e-03
 4.94746464e+08  4.32110603e+05  4.33635420e+08  4.93334290e-01  3.28324033e-03
 4.95608709e+08  4.26485672e+05  4.32655625e+08  4.93794359e-01  3.27570447e-03
 4.96470954e+08  4.21368287e+05  4.31747556e+08  4.94184989e-01  3.26878143e-03
 4.97333198e+08  4.16090251e+05  4.30793666e+08  4.94587748e-01  3.25971176e-03
 4.98195443e+08  4.10823183e+05  4.29823884e+08  4.94973026e-01  3.25235054e-03
 4.99057688e+08  4.05666988e+05  4.28857017e+08  4.95341938e-01  3.24792653e-03
 4.99919932e+08  4.00522363e+05  4.27874003e+08  4.95690405e-01  3.24199010e-03
 5.00782177e+08  3.95097153e+05  4.26817640e+08  4.96037905e-01  3.23557106e-03
 5.01644422e+08  3.90745488e+05  4.25955783e+08  4.96306859e-01  3.22564491e-03
 5.02506666e+08  3.84993630e+05  4.24795135e+08  4.96653614e-01  3.20293574e-03
 5.03368911e+08  3.80445127e+05  4.23860558e+08  4.96908888e-01  3.19341736e-03
 5.04231156e+08  3.75818818e+05  4.22894152e+08  4.97170159e-01  3.18666200e-03
 5.05093401e+08  3.70980549e+05  4.21865577e+08  4.97413605e-01  3.18213051e-03
 5.05955645e+08  3.65862263e+05  4.20757626e+08  4.97663575e-01  3.17396968e-03
 5.06817890e+08  3.61238170e+05  4.19738902e+08  4.97883187e-01  3.16348221e-03
 5.07680135e+08  3.56767908e+05  4.18737684e+08  4.98086139e-01  3.15277887e-03
 5.08542379e+08  3.52000400e+05  4.17650919e+08  4.98296008e-01  3.14232532e-03
 5.09404624e+08  3.47611863e+05  4.16633765e+08  4.98470671e-01  3.13208811e-03
 5.10266869e+08  3.42649642e+05  4.15463194e+08  4.98644647e-01  3.12012408e-03
 5.11129113e+08  3.38879849e+05  4.14559963e+08  4.98778198e-01  3.11079274e-03
 5.11991358e+08  3.34058503e+05  4.13384909e+08  4.98939593e-01  3.09847978e-03
 5.12853603e+08  3.30074585e+05  4.12398783e+08  4.99065869e-01  3.08801305e-03
 5.13715848e+08  3.25771018e+05  4.11315304e+08  4.99204156e-01  3.07641350e-03
 5.14578092e+08  3.21099801e+05  4.10119462e+08  4.99340766e-01  3.06339719e-03
 5.15440337e+08  3.17330784e+05  4.09139537e+08  4.99434175e-01  3.05255801e-03
 5.16302582e+08  3.12621221e+05  4.07893582e+08  4.99545442e-01  3.03858167e-03
 5.17164826e+08  3.08938904e+05  4.06904349e+08  4.99627690e-01  3.02748589e-03
 5.18027071e+08  3.04916782e+05  4.05807134e+08  4.99713401e-01  3.01488735e-03
 5.18889316e+08  3.01129504e+05  4.04757741e+08  4.99796744e-01  3.00282344e-03
 5.19751560e+08  2.96774572e+05  4.03531557e+08  4.99873854e-01  2.98849900e-03
 5.20613805e+08  2.93359157e+05  4.02556210e+08  4.99921358e-01  2.97697042e-03
 5.21476050e+08  2.89266235e+05  4.01367811e+08  4.99976767e-01  2.96279863e-03
 5.22338294e+08  2.86287944e+05  4.00493514e+08  5.00011710e-01  2.95226650e-03
 5.23200539e+08  2.82997156e+05  3.99512823e+08  5.00038797e-01  2.94031975e-03
 5.24062784e+08  2.79975407e+05  3.98600473e+08  5.00059925e-01  2.92907294e-03
 5.24925029e+08  2.77046778e+05  3.97711921e+08  5.00079059e-01  2.91807160e-03
 5.25787273e+08  2.73783931e+05  3.96700035e+08  5.00089041e-01  2.90545138e-03
 5.26649518e+08  2.70315799e+05  3.95612394e+08  5.00093402e-01  2.89183678e-03
 5.27511763e+08  2.66789257e+05  3.94494136e+08  5.00094389e-01  2.87775780e-03
 5.28374007e+08  2.63126988e+05  3.93304734e+08  5.00087540e-01  2.86259970e-03
 5.29236252e+08  2.59293635e+05  3.92051873e+08  5.00075380e-01  2.84659960e-03
 5.30098497e+08  2.54504193e+05  3.90444379e+08  5.00033540e-01  2.82589403e-03
 5.30960741e+08  2.51916793e+05  3.89565351e+08  5.00003039e-01  2.81437125e-03
 5.31822986e+08  2.49455725e+05  3.88728115e+08  4.99973189e-01  2.80337528e-03
 5.32685231e+08  2.46830831e+05  3.87821787e+08  4.99936442e-01  2.79140578e-03
 5.33547476e+08  2.43877352e+05  3.86776880e+08  4.99885862e-01  2.77748367e-03
 5.34409720e+08  2.40923874e+05  3.85731973e+08  4.99835281e-01  2.76356155e-03
 5.35271965e+08  2.37866487e+05  3.84643862e+08  4.99780760e-01  2.74914108e-03
 5.36134210e+08  2.33701704e+05  3.83095311e+08  4.99684235e-01  2.72940940e-03
 5.36996454e+08  2.29557331e+05  3.81550624e+08  4.99587858e-01  2.70936170e-03
 5.37858699e+08  2.25613432e+05  3.80043904e+08  4.99492928e-01  2.68620988e-03
 5.38720944e+08  2.22622729e+05  3.78887250e+08  4.99404552e-01  2.67097978e-03
 5.39583188e+08  2.19970828e+05  3.77852770e+08  4.99319287e-01  2.65781127e-03
 5.40445433e+08  2.17652505e+05  3.76934250e+08  4.99238587e-01  2.64522262e-03
 5.41307678e+08  2.15334182e+05  3.76015731e+08  4.99157887e-01  2.63263397e-03
 5.42169922e+08  2.11834491e+05  3.74588212e+08  4.99021255e-01  2.61360617e-03
 5.43032167e+08  2.07783438e+05  3.72908946e+08  4.98850389e-01  2.59112041e-03
 5.43894412e+08  2.05486236e+05  3.71946259e+08  4.98740174e-01  2.57694748e-03
 5.44756657e+08  2.02979974e+05  3.70885161e+08  4.98615940e-01  2.56193158e-03
 5.45618901e+08  1.99957982e+05  3.69581294e+08  4.98457122e-01  2.54483615e-03
 5.46481146e+08  1.97054168e+05  3.68311355e+08  4.98288439e-01  2.52694057e-03
 5.47343391e+08  1.94257845e+05  3.67076008e+08  4.98114765e-01  2.50881004e-03
 5.48205635e+08  1.91964934e+05  3.66043772e+08  4.97961578e-01  2.49500721e-03
 5.49067880e+08  1.89672023e+05  3.65011536e+08  4.97808390e-01  2.48120438e-03
 5.49930125e+08  1.86866856e+05  3.63711781e+08  4.97600116e-01  2.46331047e-03
 5.50792369e+08  1.84086849e+05  3.62418050e+08  4.97389536e-01  2.44545957e-03
 5.51654614e+08  1.81799932e+05  3.61331788e+08  4.97196732e-01  2.43043601e-03
 5.52516859e+08  1.79513014e+05  3.60245525e+08  4.97003927e-01  2.41541246e-03
 5.53379103e+08  1.76871820e+05  3.58954596e+08  4.96763475e-01  2.39772726e-03
 5.54241348e+08  1.74186795e+05  3.57638346e+08  4.96517127e-01  2.37971277e-03
 5.55103593e+08  1.70751087e+05  3.55909270e+08  4.96173909e-01  2.35619803e-03
 5.55965838e+08  1.67341900e+05  3.54166137e+08  4.95814866e-01  2.33259902e-03
 5.56828082e+08  1.65311450e+05  3.53114038e+08  4.95574342e-01  2.31830764e-03
 5.57690327e+08  1.63597584e+05  3.52217831e+08  4.95372167e-01  2.30628436e-03
 5.58552572e+08  1.61998287e+05  3.51374074e+08  4.95177808e-01  2.29498492e-03
 5.59414816e+08  1.60398990e+05  3.50530318e+08  4.94983448e-01  2.28368549e-03
 5.60277061e+08  1.57579583e+05  3.48993989e+08  4.94621026e-01  2.26347160e-03
 5.61139306e+08  1.55172853e+05  3.47671773e+08  4.94310178e-01  2.24618285e-03
 5.62001550e+08  1.53431829e+05  3.46706495e+08  4.94085547e-01  2.23366436e-03
 5.62863795e+08  1.51597385e+05  3.45681767e+08  4.93848434e-01  2.22045306e-03
 5.63726040e+08  1.49347299e+05  3.44392539e+08  4.93555782e-01  2.20415937e-03
 5.64588285e+08  1.47092598e+05  3.43097383e+08  4.93262854e-01  2.18782506e-03
 5.65450529e+08  1.44789860e+05  3.41740524e+08  4.92967059e-01  2.17106795e-03
 5.66312774e+08  1.42377757e+05  3.40306462e+08  4.92659797e-01  2.15352868e-03
 5.67175019e+08  1.39992376e+05  3.38864762e+08  4.92359452e-01  2.13621020e-03
 5.68037263e+08  1.38371451e+05  3.37875065e+08  4.92152880e-01  2.12445711e-03
 5.68899508e+08  1.36646499e+05  3.36809829e+08  4.91933246e-01  2.11196839e-03
 5.69761753e+08  1.34775386e+05  3.35638458e+08  4.91695259e-01  2.09844610e-03
 5.70623997e+08  1.32886432e+05  3.34442705e+08  4.91456560e-01  2.08485211e-03
 5.71486242e+08  1.30971200e+05  3.33211039e+08  4.91216812e-01  2.07115250e-03
 5.72348487e+08  1.28993530e+05  3.31924964e+08  4.90970521e-01  2.05709086e-03
 5.73210731e+08  1.26916215e+05  3.30552058e+08  4.90713788e-01  2.04245147e-03
 5.74072976e+08  1.25257050e+05  3.29441519e+08  4.90519648e-01  2.03099429e-03
 5.74935221e+08  1.23754966e+05  3.28429541e+08  4.90349022e-01  2.02073254e-03
 5.75797466e+08  1.22009261e+05  3.27240689e+08  4.90158433e-01  2.00889121e-03
 5.76659710e+08  1.19129494e+05  3.25223263e+08  4.89881697e-01  1.98977125e-03
 5.77521955e+08  1.17889213e+05  3.24347965e+08  4.89801842e-01  1.98196701e-03
 5.78384200e+08  1.16648933e+05  3.23472667e+08  4.89721987e-01  1.97416278e-03
 5.79246444e+08  1.14539981e+05  3.21939527e+08  4.89627923e-01  1.96122124e-03
 5.80108689e+08  1.12509697e+05  3.20446832e+08  4.89568243e-01  1.94906081e-03
 5.80970934e+08  1.11299504e+05  3.19550833e+08  4.89564111e-01  1.94215250e-03
 5.81833178e+08  1.10089311e+05  3.18654834e+08  4.89559980e-01  1.93524420e-03
 5.82695423e+08  1.07916945e+05  3.16986780e+08  4.89599069e-01  1.92334190e-03
 5.83557668e+08  1.06084382e+05  3.15568829e+08  4.89647596e-01  1.91357142e-03
 5.84419913e+08  1.04743632e+05  3.14521723e+08  4.89700083e-01  1.90674183e-03
 5.85282157e+08  1.03107917e+05  3.13222829e+08  4.89776398e-01  1.89868666e-03
 5.86144402e+08  1.01235230e+05  3.11714238e+08  4.89876653e-01  1.88979253e-03
 5.87006647e+08  9.99011043e+04  3.10625326e+08  4.89959308e-01  1.88392291e-03
 5.87868891e+08  9.84117942e+04  3.09395242e+08  4.90068346e-01  1.87770429e-03
 5.88731136e+08  9.67407826e+04  3.07996413e+08  4.90212699e-01  1.87118083e-03
 5.89593381e+08  9.54804556e+04  3.06925515e+08  4.90345747e-01  1.86695448e-03
 5.90455625e+08  9.41612602e+04  3.05797347e+08  4.90496479e-01  1.86276559e-03
 5.91317870e+08  9.26210617e+04  3.04454182e+08  4.90713595e-01  1.85871737e-03
 5.92180115e+08  9.10954563e+04  3.03106923e+08  4.90964428e-01  1.85546010e-03
 5.93042359e+08  8.96637787e+04  3.01828402e+08  4.91238942e-01  1.85314502e-03
 5.93904604e+08  8.85323855e+04  3.00804745e+08  4.91517766e-01  1.85230993e-03
 5.94766849e+08  8.72851126e+04  2.99669460e+08  4.91840307e-01  1.85167451e-03
 5.95629094e+08  8.52970376e+04  2.97811115e+08  4.92479883e-01  1.85289939e-03
 5.96491338e+08  8.43569291e+04  2.96927582e+08  4.92862272e-01  1.85446531e-03
 5.97353583e+08  8.32801886e+04  2.95907241e+08  4.93321466e-01  1.85660399e-03
 5.98215828e+08  8.14303401e+04  2.94111732e+08  4.94221902e-01  1.86210368e-03
 5.99078072e+08  7.98190060e+04  2.92523849e+08  4.95171103e-01  1.86943357e-03
 5.99940317e+08  7.86023715e+04  2.91309423e+08  4.95958983e-01  1.87664915e-03
 6.00802562e+08  7.76644846e+04  2.90364707e+08  4.96616487e-01  1.88284503e-03
 6.01664806e+08  7.67171174e+04  2.89400667e+08  4.97334138e-01  1.89039243e-03
 6.02527051e+08  7.57528248e+04  2.88410294e+08  4.98100552e-01  1.89903086e-03
 6.03389296e+08  7.47628230e+04  2.87379922e+08  4.98941037e-01  1.90932654e-03
 6.04251541e+08  7.37728212e+04  2.86349550e+08  4.99781521e-01  1.91962221e-03
 6.05113785e+08  7.20729984e+04  2.84518626e+08  5.01392463e-01  1.94182953e-03
 6.05976030e+08  7.08461273e+04  2.83185693e+08  5.02634961e-01  1.96040861e-03
 6.06838275e+08  7.00173590e+04  2.82280992e+08  5.03530278e-01  1.97483219e-03
 6.07700519e+08  6.91267916e+04  2.81300118e+08  5.04521916e-01  1.99136859e-03
 6.08562764e+08  6.79833727e+04  2.80007573e+08  5.05907651e-01  2.01654967e-03
 6.09425009e+08  6.68399537e+04  2.78715029e+08  5.07293387e-01  2.04173076e-03
 6.10287253e+08  6.58146346e+04  2.77525047e+08  5.08716712e-01  2.07073311e-03
 6.11149498e+08  6.47958339e+04  2.76340726e+08  5.10142112e-01  2.09994637e-03
 6.12011743e+08  6.36547786e+04  2.74989517e+08  5.11895262e-01  2.13719512e-03
 6.12873987e+08  6.23872750e+04  2.73465697e+08  5.13987404e-01  2.18275500e-03
 6.13736232e+08  6.13765493e+04  2.72233219e+08  5.15900512e-01  2.22492081e-03
 6.14598477e+08  6.04296478e+04  2.71073156e+08  5.17769119e-01  2.26624298e-03
 6.15460722e+08  5.91556950e+04  2.69474251e+08  5.20682717e-01  2.32991773e-03
 6.16322966e+08  5.82486946e+04  2.68326105e+08  5.23013260e-01  2.37954891e-03
 6.17185211e+08  5.74857211e+04  2.67356580e+08  5.25090900e-01  2.42321762e-03
 6.18047456e+08  5.65739544e+04  2.66172824e+08  5.27941639e-01  2.48044722e-03
 6.18909700e+08  5.56201309e+04  2.64928515e+08  5.31010897e-01  2.54150984e-03
 6.19771945e+08  5.44299376e+04  2.63340629e+08  5.35413707e-01  2.62399247e-03
 6.20634190e+08  5.34844226e+04  2.62066742e+08  5.39275563e-01  2.69191698e-03
 6.21496434e+08  5.26059018e+04  2.60870073e+08  5.43188853e-01  2.75665819e-03
 6.22358679e+08  5.17013971e+04  2.59623223e+08  5.47541585e-01  2.82432461e-03
 6.23220924e+08  5.10076916e+04  2.58657548e+08  5.51225743e-01  2.87611102e-03
 6.24083168e+08  5.01628615e+04  2.57469848e+08  5.55875579e-01  2.93883857e-03
 6.24945413e+08  4.90072884e+04  2.55813216e+08  5.62793633e-01  3.02292800e-03
 6.25807658e+08  4.83489593e+04  2.54865681e+08  5.67022479e-01  3.06905664e-03
 6.26669903e+08  4.76736405e+04  2.53879031e+08  5.71698967e-01  3.11332533e-03
 6.27532147e+08  4.69965197e+04  2.52888233e+08  5.76422933e-01  3.15739674e-03
 6.28394392e+08  4.60485912e+04  2.51469384e+08  5.83431135e-01  3.21455134e-03
 6.29256637e+08  4.50839567e+04  2.50010359e+08  5.90786604e-01  3.26926979e-03
 6.30118881e+08  4.43586749e+04  2.48903685e+08  5.96512479e-01  3.30630570e-03
 6.30981126e+08  4.37320433e+04  2.47935620e+08  6.01519342e-01  3.33421507e-03
 6.31843371e+08  4.31280399e+04  2.46999349e+08  6.06361279e-01  3.36003101e-03
 6.32705615e+08  4.24248712e+04  2.45897312e+08  6.11982424e-01  3.38843055e-03
 6.33567860e+08  4.12964131e+04  2.44084360e+08  6.20945356e-01  3.42791039e-03
 6.34430105e+08  4.04640414e+04  2.42733868e+08  6.27294361e-01  3.45207099e-03
 6.35292350e+08  3.98591454e+04  2.41744028e+08  6.31663164e-01  3.46672094e-03
 6.36154594e+08  3.92902506e+04  2.40810447e+08  6.35695999e-01  3.47973780e-03
 6.37016839e+08  3.86683255e+04  2.39772295e+08  6.39696930e-01  3.49092861e-03
 6.37879084e+08  3.80464003e+04  2.38734144e+08  6.43697861e-01  3.50211941e-03
 6.38741328e+08  3.72023802e+04  2.37299557e+08  6.48525453e-01  3.51411377e-03
 6.39603573e+08  3.64555799e+04  2.36024192e+08  6.52474126e-01  3.52335736e-03
 6.40465818e+08  3.58957863e+04  2.35065180e+08  6.55096361e-01  3.52899952e-03
 6.41328062e+08  3.50992761e+04  2.33691091e+08  6.58484318e-01  3.53601258e-03
 6.42190307e+08  3.44460123e+04  2.32562587e+08  6.60949170e-01  3.54091470e-03
 6.43052552e+08  3.39993160e+04  2.31792962e+08  6.62471976e-01  3.54385726e-03
 6.43914796e+08  3.34371319e+04  2.30825806e+08  6.64251749e-01  3.54725994e-03
 6.44777041e+08  3.27353516e+04  2.29619886e+08  6.66342130e-01  3.55121879e-03
 6.45639286e+08  3.19234965e+04  2.28241455e+08  6.68558365e-01  3.55537240e-03
 6.46501531e+08  3.13199761e+04  2.27232126e+08  6.70080558e-01  3.55819994e-03
 6.47363775e+08  3.08424877e+04  2.26448830e+08  6.71225244e-01  3.56030117e-03
 6.48226020e+08  3.04043804e+04  2.25738434e+08  6.72251755e-01  3.56217062e-03
 6.49088265e+08  2.99248264e+04  2.24975454e+08  6.73358163e-01  3.56417222e-03
 6.49950509e+08  2.92894442e+04  2.24014774e+08  6.74764957e-01  3.56667069e-03
 6.50812754e+08  2.86077972e+04  2.23008813e+08  6.76255425e-01  3.56929574e-03
 6.51674999e+08  2.78255662e+04  2.21944489e+08  6.77895617e-01  3.57210013e-03
 6.52537243e+08  2.73435168e+04  2.21326638e+08  6.78870294e-01  3.57371811e-03
 6.53399488e+08  2.66313124e+04  2.20499800e+08  6.80275910e-01  3.57597015e-03
 6.54261733e+08  2.60986087e+04  2.19945689e+08  6.81291737e-01  3.57750053e-03
 6.55123978e+08  2.54026260e+04  2.19319066e+08  6.82582781e-01  3.57930183e-03
 6.55986222e+08  2.48421967e+04  2.18897637e+08  6.83585755e-01  3.58052467e-03
 6.56848467e+08  2.42754392e+04  2.18554627e+08  6.84556311e-01  3.58151259e-03
 6.57710712e+08  2.38190839e+04  2.18342697e+08  6.85331212e-01  3.58208924e-03
 6.58572956e+08  2.32325307e+04  2.18158503e+08  6.86293222e-01  3.58251902e-03
 6.59435201e+08  2.27362507e+04  2.18081510e+08  6.87075653e-01  3.58252366e-03
 6.60297446e+08  2.21649748e+04  2.18089730e+08  6.87958546e-01  3.58210047e-03
 6.61159690e+08  2.16158866e+04  2.18191266e+08  6.88786845e-01  3.58110138e-03
 6.62021935e+08  2.11698256e+04  2.18342069e+08  6.89409397e-01  3.60868407e-03
 6.62884180e+08  2.05598177e+04  2.18655580e+08  6.90321532e-01  3.54009695e-03
 6.63746424e+08  2.01055534e+04  2.18961087e+08  6.90945391e-01  3.53773252e-03
 6.64608669e+08  1.96019842e+04  2.19378855e+08  6.91635227e-01  3.53400907e-03
 6.65470914e+08  1.90516679e+04  2.19922818e+08  6.92361719e-01  3.52962595e-03
 6.66333159e+08  1.85597013e+04  2.20486633e+08  6.92991346e-01  3.52523199e-03
 6.67195403e+08  1.81566649e+04  2.21001727e+08  6.93506758e-01  3.52123874e-03
 6.68057648e+08  1.76609132e+04  2.21699005e+08  6.94128253e-01  3.51590123e-03
 6.68919893e+08  1.72267766e+04  2.22365605e+08  6.94658230e-01  3.51085249e-03
 6.69782137e+08  1.67740835e+04  2.23118101e+08  6.95229339e-01  3.50519148e-03
 6.70644382e+08  1.63244177e+04  2.23918825e+08  6.95782059e-01  3.49918888e-03
 6.71506627e+08  1.58562261e+04  2.24808665e+08  6.96379254e-01  3.49258336e-03
 6.72368871e+08  1.54486343e+04  2.25627592e+08  6.96909349e-01  3.48656083e-03
 6.73231116e+08  1.50353761e+04  2.26497585e+08  6.97460494e-01  3.48022448e-03
 6.74093361e+08  1.46554231e+04  2.27332257e+08  6.97994917e-01  3.47421164e-03
 6.74955605e+08  1.42308312e+04  2.28302574e+08  6.98618802e-01  3.46731932e-03
 6.75817850e+08  1.38919713e+04  2.29103954e+08  6.99156134e-01  3.46170836e-03
 6.76680095e+08  1.35050179e+04  2.30049033e+08  6.99804794e-01  3.45522101e-03
 6.77542340e+08  1.31330654e+04  2.30983649e+08  7.00480926e-01  3.44890996e-03
 6.78404584e+08  1.28108259e+04  2.31814230e+08  7.01112435e-01  3.44342285e-03
 6.79266829e+08  1.24559040e+04  2.32750685e+08  7.01864783e-01  3.43735432e-03
 6.80129074e+08  1.21128835e+04  2.33675102e+08  7.02652353e-01  3.43152362e-03
 6.80991318e+08  1.18242369e+04  2.34467084e+08  7.03381588e-01  3.42664889e-03
 6.81853563e+08  1.15158241e+04  2.35326409e+08  7.04204037e-01  3.42149679e-03
 6.82715808e+08  1.11947870e+04  2.36234839e+08  7.05153392e-01  3.41629078e-03
 6.83578052e+08  1.09792339e+04  2.36851607e+08  7.05823548e-01  3.41273644e-03
 6.84440297e+08  1.06381136e+04  2.37839090e+08  7.06962302e-01  3.40717834e-03
 6.85302542e+08  1.03744465e+04  2.38610252e+08  7.07931658e-01  3.40311702e-03
 6.86164787e+08  1.01327329e+04  2.39322631e+08  7.08853986e-01  3.39938812e-03
 6.87027031e+08  9.87832535e+03  2.40077327e+08  7.09895606e-01  3.39561728e-03
 6.87889276e+08  9.62717834e+03  2.40826434e+08  7.10994486e-01  3.39197560e-03
 6.88751521e+08  9.38702362e+03  2.41545641e+08  7.12101351e-01  3.38853748e-03
 6.89613765e+08  9.13830217e+03  2.42292753e+08  7.13291966e-01  3.38504184e-03
 6.90476010e+08  8.94351960e+03  2.42878750e+08  7.14294010e-01  3.38245850e-03
#Mass: 1.03786707177 Msun carved out from a 4.35974174996,from an initial 6.0