# Radius dens temp c12 ne22
800
 1.45336560e+06  1.50955980e+07  1.43286370e+08  3.31942940e-01  3.65184210e-03
 2.42318218e+06  1.50947974e+07  1.43287501e+08  3.31942940e-01  3.65184210e-03
 3.39299875e+06  1.50937151e+07  1.43289026e+08  3.31942940e-01  3.65184210e-03
 4.36281533e+06  1.50922823e+07  1.43291060e+08  3.31942940e-01  3.65184210e-03
 5.33263190e+06  1.50904703e+07  1.43293632e+08  3.31942940e-01  3.65184216e-03
 6.30244848e+06  1.50883058e+07  1.43296709e+08  3.31942940e-01  3.65184220e-03
 7.27226506e+06  1.50858947e+07  1.43300141e+08  3.31942940e-01  3.65184220e-03
 8.24208163e+06  1.50828920e+07  1.43304424e+08  3.31942940e-01  3.65184220e-03
 9.21189821e+06  1.50798547e+07  1.43308756e+08  3.31942940e-01  3.65184220e-03
 1.01817148e+07  1.50760452e+07  1.43314199e+08  3.31942940e-01  3.65184220e-03
 1.11515314e+07  1.50722205e+07  1.43319664e+08  3.31942940e-01  3.65184220e-03
 1.21213479e+07  1.50677409e+07  1.43326083e+08  3.31942940e-01  3.65184220e-03
 1.30911645e+07  1.50626192e+07  1.43333436e+08  3.31942940e-01  3.65184220e-03
 1.40609811e+07  1.50573286e+07  1.43341037e+08  3.31942940e-01  3.65184221e-03
 1.50307977e+07  1.50505489e+07  1.43350829e+08  3.31942940e-01  3.65184226e-03
 1.60006142e+07  1.50440238e+07  1.43360266e+08  3.31942940e-01  3.65184230e-03
 1.69704308e+07  1.50380695e+07  1.43368905e+08  3.31942940e-01  3.65184230e-03
 1.79402474e+07  1.50321151e+07  1.43377545e+08  3.31942940e-01  3.65184230e-03
 1.89100640e+07  1.50254432e+07  1.43387279e+08  3.31942940e-01  3.65184232e-03
 1.98798805e+07  1.50182622e+07  1.43397790e+08  3.31942940e-01  3.65184234e-03
 2.08496971e+07  1.50110812e+07  1.43408302e+08  3.31942940e-01  3.65184237e-03
 2.18195137e+07  1.50039001e+07  1.43418813e+08  3.31942940e-01  3.65184239e-03
 2.27893303e+07  1.49955390e+07  1.43431201e+08  3.31942940e-01  3.65184241e-03
 2.37591469e+07  1.49867181e+07  1.43444321e+08  3.31942940e-01  3.65184243e-03
 2.47289634e+07  1.49778972e+07  1.43457440e+08  3.31942940e-01  3.65184245e-03
 2.56987800e+07  1.49690763e+07  1.43470559e+08  3.31942940e-01  3.65184247e-03
 2.66685966e+07  1.49602554e+07  1.43483678e+08  3.31942940e-01  3.65184249e-03
 2.76384132e+07  1.49503853e+07  1.43498590e+08  3.31942940e-01  3.65184252e-03
 2.86082297e+07  1.49394492e+07  1.43515321e+08  3.31942940e-01  3.65184257e-03
 2.95780463e+07  1.49285131e+07  1.43532053e+08  3.31942940e-01  3.65184261e-03
 3.05478629e+07  1.49175771e+07  1.43548785e+08  3.31942940e-01  3.65184265e-03
 3.15176795e+07  1.49066410e+07  1.43565517e+08  3.31942940e-01  3.65184270e-03
 3.24874960e+07  1.48957049e+07  1.43582248e+08  3.31942940e-01  3.65184274e-03
 3.34573126e+07  1.48847689e+07  1.43598980e+08  3.31942940e-01  3.65184278e-03
 3.44271292e+07  1.48721125e+07  1.43619014e+08  3.31942940e-01  3.65184283e-03
 3.53969458e+07  1.48585116e+07  1.43640861e+08  3.31942940e-01  3.65184287e-03
 3.63667623e+07  1.48449108e+07  1.43662708e+08  3.31942940e-01  3.65184292e-03
 3.73365789e+07  1.48313100e+07  1.43684555e+08  3.31942940e-01  3.65184296e-03
 3.83063955e+07  1.48177092e+07  1.43706402e+08  3.31942940e-01  3.65184301e-03
 3.92762121e+07  1.48041084e+07  1.43728249e+08  3.31942940e-01  3.65184306e-03
 4.02460286e+07  1.47905076e+07  1.43750096e+08  3.31942940e-01  3.65184310e-03
 4.12158452e+07  1.47769068e+07  1.43771943e+08  3.31942940e-01  3.65184315e-03
 4.21856618e+07  1.47633060e+07  1.43793790e+08  3.31942940e-01  3.65184319e-03
 4.31554784e+07  1.47466037e+07  1.43822363e+08  3.31942940e-01  3.65184326e-03
 4.41252950e+07  1.47291413e+07  1.43852585e+08  3.31942940e-01  3.65184333e-03
 4.50951115e+07  1.47116789e+07  1.43882807e+08  3.31942940e-01  3.65184340e-03
 4.60649281e+07  1.46942165e+07  1.43913029e+08  3.31942940e-01  3.65184347e-03
 4.70347447e+07  1.46767541e+07  1.43943251e+08  3.31942940e-01  3.65184355e-03
 4.80045613e+07  1.46592917e+07  1.43973472e+08  3.31942940e-01  3.65184362e-03
 4.89743778e+07  1.46418293e+07  1.44003694e+08  3.31942940e-01  3.65184369e-03
 4.99441944e+07  1.46243669e+07  1.44033916e+08  3.31942940e-01  3.65184376e-03
 5.09140110e+07  1.46069046e+07  1.44064138e+08  3.31942940e-01  3.65184383e-03
 5.18838276e+07  1.45890139e+07  1.44095237e+08  3.31942940e-01  3.65184391e-03
 5.28536441e+07  1.45662247e+07  1.44136370e+08  3.31942940e-01  3.65184403e-03
 5.38234607e+07  1.45434355e+07  1.44177503e+08  3.31942940e-01  3.65184415e-03
 5.47932773e+07  1.45206463e+07  1.44218636e+08  3.31942940e-01  3.65184427e-03
 5.57630939e+07  1.44978571e+07  1.44259769e+08  3.31942940e-01  3.65184440e-03
 5.67329104e+07  1.44750678e+07  1.44300902e+08  3.31942940e-01  3.65184452e-03
 5.77027270e+07  1.44522786e+07  1.44342036e+08  3.31942940e-01  3.65184464e-03
 5.86725436e+07  1.44294894e+07  1.44383169e+08  3.31942940e-01  3.65184476e-03
 5.96423602e+07  1.44067002e+07  1.44424302e+08  3.31942940e-01  3.65184488e-03
 6.06121767e+07  1.43846492e+07  1.44460578e+08  3.31942939e-01  3.65184526e-03
 6.15819933e+07  1.43627335e+07  1.44495964e+08  3.31942938e-01  3.65184568e-03
 6.25518099e+07  1.43408177e+07  1.44531350e+08  3.31942938e-01  3.65184610e-03
 6.35216265e+07  1.43189020e+07  1.44566735e+08  3.31942937e-01  3.65184652e-03
 6.44914431e+07  1.42969862e+07  1.44602121e+08  3.31942936e-01  3.65184695e-03
 6.54612596e+07  1.42750705e+07  1.44637507e+08  3.31942935e-01  3.65184737e-03
 6.64310762e+07  1.42531548e+07  1.44672893e+08  3.31942934e-01  3.65184779e-03
 6.74008928e+07  1.42312390e+07  1.44708279e+08  3.31942933e-01  3.65184821e-03
 6.83707094e+07  1.42093233e+07  1.44743665e+08  3.31942932e-01  3.65184863e-03
 6.93405259e+07  1.41874075e+07  1.44779051e+08  3.31942932e-01  3.65184906e-03
 7.03103425e+07  1.41654918e+07  1.44814437e+08  3.31942931e-01  3.65184948e-03
 7.12801591e+07  1.41428703e+07  1.44850499e+08  3.31942930e-01  3.65185016e-03
 7.22499757e+07  1.41180106e+07  1.44888703e+08  3.31942927e-01  3.65185168e-03
 7.32197922e+07  1.40931509e+07  1.44926908e+08  3.31942925e-01  3.65185320e-03
 7.41896088e+07  1.40682912e+07  1.44965112e+08  3.31942923e-01  3.65185472e-03
 7.51594254e+07  1.40434315e+07  1.45003317e+08  3.31942921e-01  3.65185624e-03
 7.61292420e+07  1.40185718e+07  1.45041521e+08  3.31942919e-01  3.65185776e-03
 7.70990585e+07  1.39937122e+07  1.45079726e+08  3.31942917e-01  3.65185929e-03
 7.80688751e+07  1.39688525e+07  1.45117930e+08  3.31942915e-01  3.65186081e-03
 7.90386917e+07  1.39439928e+07  1.45156135e+08  3.31942913e-01  3.65186233e-03
 8.00085083e+07  1.39191331e+07  1.45194339e+08  3.31942911e-01  3.65186385e-03
 8.09783249e+07  1.38942734e+07  1.45232544e+08  3.31942909e-01  3.65186537e-03
 8.19481414e+07  1.38694137e+07  1.45270748e+08  3.31942907e-01  3.65186689e-03
 8.29179580e+07  1.38445540e+07  1.45308953e+08  3.31942905e-01  3.65186841e-03
 8.38877746e+07  1.38196943e+07  1.45347157e+08  3.31942903e-01  3.65186993e-03
 8.48575912e+07  1.37948347e+07  1.45385361e+08  3.31942901e-01  3.65187145e-03
 8.58274077e+07  1.37699750e+07  1.45423566e+08  3.31942899e-01  3.65187297e-03
 8.67972243e+07  1.37451153e+07  1.45461770e+08  3.31942897e-01  3.65187449e-03
 8.77670409e+07  1.37202556e+07  1.45499975e+08  3.31942895e-01  3.65187601e-03
 8.87368575e+07  1.36953959e+07  1.45538179e+08  3.31942893e-01  3.65187753e-03
 8.97066740e+07  1.36705362e+07  1.45576384e+08  3.31942890e-01  3.65187905e-03
 9.06764906e+07  1.36268760e+07  1.45665907e+08  3.31942886e-01  3.65188269e-03
 9.16463072e+07  1.35775174e+07  1.45770984e+08  3.31942880e-01  3.65188698e-03
 9.26161238e+07  1.35281588e+07  1.45876062e+08  3.31942874e-01  3.65189127e-03
 9.35859403e+07  1.34788003e+07  1.45981139e+08  3.31942868e-01  3.65189556e-03
 9.45557569e+07  1.34294417e+07  1.46086217e+08  3.31942862e-01  3.65189985e-03
 9.55255735e+07  1.33800831e+07  1.46191294e+08  3.31942856e-01  3.65190414e-03
 9.64953901e+07  1.33307246e+07  1.46296371e+08  3.31942851e-01  3.65190843e-03
 9.74652066e+07  1.32813660e+07  1.46401449e+08  3.31942845e-01  3.65191272e-03
 9.84350232e+07  1.32343368e+07  1.46502322e+08  3.31942840e-01  3.65191662e-03
 9.94048398e+07  1.31989677e+07  1.46582148e+08  3.31942837e-01  3.65191851e-03
 1.00374656e+08  1.31635986e+07  1.46661975e+08  3.31942835e-01  3.65192041e-03
 1.01344473e+08  1.31282295e+07  1.46741801e+08  3.31942833e-01  3.65192231e-03
 1.02314290e+08  1.30928604e+07  1.46821628e+08  3.31942831e-01  3.65192421e-03
 1.03284106e+08  1.30574913e+07  1.46901454e+08  3.31942828e-01  3.65192611e-03
 1.04253923e+08  1.30221222e+07  1.46981281e+08  3.31942826e-01  3.65192800e-03
 1.05223739e+08  1.29867531e+07  1.47061107e+08  3.31942824e-01  3.65192990e-03
 1.06193556e+08  1.29513840e+07  1.47140934e+08  3.31942822e-01  3.65193180e-03
 1.07163372e+08  1.29104759e+07  1.47234463e+08  3.31942818e-01  3.65193445e-03
 1.08133189e+08  1.28575192e+07  1.47357799e+08  3.31942812e-01  3.65193875e-03
 1.09103006e+08  1.28045625e+07  1.47481135e+08  3.31942805e-01  3.65194304e-03
 1.10072822e+08  1.27516059e+07  1.47604471e+08  3.31942799e-01  3.65194734e-03
 1.11042639e+08  1.26986492e+07  1.47727808e+08  3.31942792e-01  3.65195163e-03
 1.12012455e+08  1.26607042e+07  1.47817510e+08  3.31942787e-01  3.65195511e-03
 1.12982272e+08  1.26305369e+07  1.47889787e+08  3.31942783e-01  3.65195815e-03
 1.13952088e+08  1.26003695e+07  1.47962064e+08  3.31942778e-01  3.65196120e-03
 1.14921905e+08  1.25702022e+07  1.48034341e+08  3.31942774e-01  3.65196424e-03
 1.15891722e+08  1.25400348e+07  1.48106617e+08  3.31942770e-01  3.65196729e-03
 1.16861538e+08  1.25098675e+07  1.48178894e+08  3.31942765e-01  3.65197034e-03
 1.17831355e+08  1.24797001e+07  1.48251171e+08  3.31942761e-01  3.65197338e-03
 1.18801171e+08  1.24495328e+07  1.48323448e+08  3.31942757e-01  3.65197643e-03
 1.19770988e+08  1.24193654e+07  1.48395725e+08  3.31942752e-01  3.65197947e-03
 1.20740804e+08  1.23824760e+07  1.48489483e+08  3.31942747e-01  3.65198295e-03
 1.21710621e+08  1.23388434e+07  1.48604791e+08  3.31942742e-01  3.65198687e-03
 1.22680438e+08  1.22952107e+07  1.48720099e+08  3.31942737e-01  3.65199078e-03
 1.23650254e+08  1.22515781e+07  1.48835407e+08  3.31942732e-01  3.65199469e-03
 1.24620071e+08  1.22079454e+07  1.48950714e+08  3.31942727e-01  3.65199861e-03
 1.25589887e+08  1.21643127e+07  1.49066022e+08  3.31942722e-01  3.65200252e-03
 1.26559704e+08  1.21206801e+07  1.49181330e+08  3.31942716e-01  3.65200644e-03
 1.27529521e+08  1.20770474e+07  1.49296638e+08  3.31942711e-01  3.65201035e-03
 1.28499337e+08  1.20276990e+07  1.49437260e+08  3.31942706e-01  3.65201411e-03
 1.29469154e+08  1.19765148e+07  1.49586012e+08  3.31942700e-01  3.65201781e-03
 1.30438970e+08  1.19253305e+07  1.49734765e+08  3.31942694e-01  3.65202152e-03
 1.31408787e+08  1.18741463e+07  1.49883518e+08  3.31942688e-01  3.65202523e-03
 1.32378603e+08  1.18229621e+07  1.50032270e+08  3.31942682e-01  3.65202894e-03
 1.33348420e+08  1.17814812e+07  1.50156266e+08  3.31942674e-01  3.65203426e-03
 1.34318237e+08  1.17463095e+07  1.50264164e+08  3.31942664e-01  3.65204063e-03
 1.35288053e+08  1.17111377e+07  1.50372063e+08  3.31942654e-01  3.65204701e-03
 1.36257870e+08  1.16759660e+07  1.50479962e+08  3.31942644e-01  3.65205338e-03
 1.37227686e+08  1.16407942e+07  1.50587861e+08  3.31942634e-01  3.65205975e-03
 1.38197503e+08  1.16056225e+07  1.50695759e+08  3.31942625e-01  3.65206612e-03
 1.39167319e+08  1.15704507e+07  1.50803658e+08  3.31942615e-01  3.65207250e-03
 1.40137136e+08  1.15352790e+07  1.50911557e+08  3.31942605e-01  3.65207887e-03
 1.41106953e+08  1.14953367e+07  1.51039744e+08  3.31942597e-01  3.65208415e-03
 1.42076769e+08  1.14507849e+07  1.51187534e+08  3.31942590e-01  3.65208839e-03
 1.43046586e+08  1.14062330e+07  1.51335324e+08  3.31942583e-01  3.65209262e-03
 1.44016402e+08  1.13616812e+07  1.51483114e+08  3.31942577e-01  3.65209686e-03
 1.44986219e+08  1.13171294e+07  1.51630904e+08  3.31942570e-01  3.65210109e-03
 1.45956035e+08  1.12725776e+07  1.51778695e+08  3.31942564e-01  3.65210533e-03
 1.46925852e+08  1.12280257e+07  1.51926485e+08  3.31942557e-01  3.65210956e-03
 1.47895669e+08  1.11834739e+07  1.52074275e+08  3.31942550e-01  3.65211380e-03
 1.48865485e+08  1.11339035e+07  1.52253337e+08  3.31942540e-01  3.65212049e-03
 1.49835302e+08  1.10839450e+07  1.52434817e+08  3.31942530e-01  3.65212738e-03
 1.50805118e+08  1.10339866e+07  1.52616297e+08  3.31942520e-01  3.65213426e-03
 1.51774935e+08  1.09840282e+07  1.52797776e+08  3.31942510e-01  3.65214115e-03
 1.52744751e+08  1.09340698e+07  1.52979256e+08  3.31942499e-01  3.65214803e-03
 1.53714568e+08  1.08845664e+07  1.53159929e+08  3.31942489e-01  3.65215523e-03
 1.54684385e+08  1.08406652e+07  1.53330675e+08  3.31942472e-01  3.65216634e-03
 1.55654201e+08  1.07967640e+07  1.53501422e+08  3.31942455e-01  3.65217744e-03
 1.56624018e+08  1.07528628e+07  1.53672168e+08  3.31942439e-01  3.65218854e-03
 1.57593834e+08  1.07089616e+07  1.53842914e+08  3.31942422e-01  3.65219965e-03
 1.58563651e+08  1.06650604e+07  1.54013660e+08  3.31942405e-01  3.65221075e-03
 1.59533468e+08  1.06215788e+07  1.54183830e+08  3.31942389e-01  3.65222129e-03
 1.60503284e+08  1.05821032e+07  1.54348489e+08  3.31942379e-01  3.65222644e-03
 1.61473101e+08  1.05426277e+07  1.54513149e+08  3.31942369e-01  3.65223159e-03
 1.62442917e+08  1.05031521e+07  1.54677808e+08  3.31942359e-01  3.65223675e-03
 1.63412734e+08  1.04636766e+07  1.54842468e+08  3.31942349e-01  3.65224190e-03
 1.64382550e+08  1.04242010e+07  1.55007127e+08  3.31942339e-01  3.65224705e-03
 1.65352367e+08  1.03847255e+07  1.55171787e+08  3.31942329e-01  3.65225221e-03
 1.66322184e+08  1.03452500e+07  1.55336447e+08  3.31942319e-01  3.65225736e-03
 1.67292000e+08  1.03017742e+07  1.55521859e+08  3.31942306e-01  3.65226404e-03
 1.68261817e+08  1.02333534e+07  1.55836680e+08  3.31942280e-01  3.65228022e-03
 1.69231633e+08  1.01649327e+07  1.56151501e+08  3.31942254e-01  3.65229639e-03
 1.70201450e+08  1.00965120e+07  1.56466323e+08  3.31942227e-01  3.65231257e-03
 1.71171266e+08  1.00375077e+07  1.56740716e+08  3.31942202e-01  3.65232807e-03
 1.72141083e+08  9.99702665e+06  1.56935585e+08  3.31942179e-01  3.65234221e-03
 1.73110900e+08  9.95654560e+06  1.57130453e+08  3.31942157e-01  3.65235636e-03
 1.74080716e+08  9.91606455e+06  1.57325322e+08  3.31942134e-01  3.65237051e-03
 1.75050533e+08  9.87558350e+06  1.57520190e+08  3.31942111e-01  3.65238465e-03
 1.76020349e+08  9.83698352e+06  1.57711606e+08  3.31942093e-01  3.65239480e-03
 1.76990166e+08  9.80014807e+06  1.57899784e+08  3.31942081e-01  3.65240119e-03
 1.77959982e+08  9.76331263e+06  1.58087961e+08  3.31942068e-01  3.65240758e-03
 1.78929799e+08  9.72647718e+06  1.58276139e+08  3.31942055e-01  3.65241398e-03
 1.79899616e+08  9.68964174e+06  1.58464316e+08  3.31942042e-01  3.65242037e-03
 1.80869432e+08  9.65280629e+06  1.58652494e+08  3.31942030e-01  3.65242676e-03
 1.81839249e+08  9.61597085e+06  1.58840671e+08  3.31942017e-01  3.65243316e-03
 1.82809065e+08  9.57913540e+06  1.59028848e+08  3.31942004e-01  3.65243955e-03
 1.83778882e+08  9.52011541e+06  1.59355131e+08  3.31941965e-01  3.65246114e-03
 1.84748699e+08  9.44985774e+06  1.59751372e+08  3.31941913e-01  3.65249043e-03
 1.85718515e+08  9.37960008e+06  1.60147612e+08  3.31941861e-01  3.65251972e-03
 1.86688332e+08  9.31030224e+06  1.60538687e+08  3.31941809e-01  3.65254847e-03
 1.87658148e+08  9.27480150e+06  1.60747883e+08  3.31941791e-01  3.65255829e-03
 1.88627965e+08  9.23930075e+06  1.60957079e+08  3.31941772e-01  3.65256810e-03
 1.89597781e+08  9.20380001e+06  1.61166275e+08  3.31941754e-01  3.65257791e-03
 1.90567598e+08  9.16829926e+06  1.61375471e+08  3.31941735e-01  3.65258773e-03
 1.91537415e+08  9.13279852e+06  1.61584667e+08  3.31941717e-01  3.65259754e-03
 1.92507231e+08  9.09729777e+06  1.61793863e+08  3.31941698e-01  3.65260736e-03
 1.93477048e+08  9.05807299e+06  1.62037636e+08  3.31941673e-01  3.65262098e-03
 1.94446864e+08  9.01577000e+06  1.62309989e+08  3.31941642e-01  3.65263776e-03
 1.95416681e+08  8.97346701e+06  1.62582342e+08  3.31941610e-01  3.65265453e-03
 1.96386497e+08  8.93116402e+06  1.62854695e+08  3.31941579e-01  3.65267130e-03
 1.97356314e+08  8.88886103e+06  1.63127048e+08  3.31941548e-01  3.65268808e-03
 1.98326131e+08  8.84655805e+06  1.63399401e+08  3.31941517e-01  3.65270485e-03
 1.99295947e+08  8.80425506e+06  1.63671754e+08  3.31941485e-01  3.65272162e-03
 2.00265764e+08  8.75629585e+06  1.63990346e+08  3.31941449e-01  3.65274096e-03
 2.01235580e+08  8.68334658e+06  1.64513231e+08  3.31941389e-01  3.65277163e-03
 2.02205397e+08  8.61039730e+06  1.65036117e+08  3.31941330e-01  3.65280231e-03
 2.03175213e+08  8.53744803e+06  1.65559002e+08  3.31941270e-01  3.65283298e-03
 2.04145030e+08  8.49949464e+06  1.65843085e+08  3.31941241e-01  3.65284649e-03
 2.05114847e+08  8.46156388e+06  1.66127013e+08  3.31941213e-01  3.65286000e-03
 2.06084663e+08  8.42363312e+06  1.66410941e+08  3.31941184e-01  3.65287350e-03
 2.07054480e+08  8.38570236e+06  1.66694869e+08  3.31941155e-01  3.65288700e-03
 2.08024296e+08  8.34636331e+06  1.66998976e+08  3.31941115e-01  3.65290779e-03
 2.08994113e+08  8.30536776e+06  1.67326820e+08  3.31941060e-01  3.65293716e-03
 2.09963929e+08  8.26437222e+06  1.67654664e+08  3.31941006e-01  3.65296653e-03
 2.10933746e+08  8.22337667e+06  1.67982507e+08  3.31940951e-01  3.65299589e-03
 2.11903563e+08  8.18238112e+06  1.68310351e+08  3.31940897e-01  3.65302526e-03
 2.12873379e+08  8.13954004e+06  1.68657874e+08  3.31940841e-01  3.65305495e-03
 2.13843196e+08  8.08539843e+06  1.69125895e+08  3.31940777e-01  3.65308666e-03
 2.14813012e+08  8.03125681e+06  1.69593916e+08  3.31940713e-01  3.65311836e-03
 2.15782829e+08  7.97711519e+06  1.70061936e+08  3.31940649e-01  3.65315007e-03
 2.16752646e+08  7.93018720e+06  1.70477920e+08  3.31940580e-01  3.65318410e-03
 2.17722462e+08  7.88905985e+06  1.70852059e+08  3.31940508e-01  3.65322002e-03
 2.18692279e+08  7.84793250e+06  1.71226198e+08  3.31940437e-01  3.65325593e-03
 2.19662095e+08  7.80680515e+06  1.71600337e+08  3.31940365e-01  3.65329184e-03
 2.20631912e+08  7.76403100e+06  1.72002242e+08  3.31940298e-01  3.65332717e-03
 2.21601728e+08  7.71971513e+06  1.72430142e+08  3.31940235e-01  3.65336196e-03
 2.22571545e+08  7.67539926e+06  1.72858041e+08  3.31940172e-01  3.65339675e-03
 2.23541362e+08  7.63108339e+06  1.73285941e+08  3.31940110e-01  3.65343154e-03
 2.24511178e+08  7.59417337e+06  1.73654791e+08  3.31940053e-01  3.65345777e-03
 2.25480995e+08  7.56071268e+06  1.73996140e+08  3.31939998e-01  3.65348001e-03
 2.26450811e+08  7.52725200e+06  1.74337488e+08  3.31939943e-01  3.65350225e-03
 2.27420628e+08  7.49379131e+06  1.74678836e+08  3.31939889e-01  3.65352449e-03
 2.28390444e+08  7.46033063e+06  1.75020184e+08  3.31939834e-01  3.65354673e-03
 2.29360261e+08  7.42686994e+06  1.75361532e+08  3.31939779e-01  3.65356897e-03
 2.30330078e+08  7.39340926e+06  1.75702880e+08  3.31939725e-01  3.65359120e-03
 2.31299894e+08  7.33623160e+06  1.76340937e+08  3.31939601e-01  3.65365173e-03
 2.32269711e+08  7.27049745e+06  1.77086039e+08  3.31939454e-01  3.65372607e-03
 2.33239527e+08  7.20476329e+06  1.77831142e+08  3.31939306e-01  3.65380042e-03
 2.34209344e+08  7.15171201e+06  1.78442852e+08  3.31939182e-01  3.65386079e-03
 2.35179160e+08  7.11205311e+06  1.78913707e+08  3.31939083e-01  3.65390642e-03
 2.36148977e+08  7.07239422e+06  1.79384562e+08  3.31938984e-01  3.65395205e-03
 2.37118794e+08  7.03273532e+06  1.79855417e+08  3.31938885e-01  3.65399768e-03
 2.38088610e+08  6.99861951e+06  1.80279161e+08  3.31938799e-01  3.65403650e-03
 2.39058427e+08  6.96547773e+06  1.80694626e+08  3.31938716e-01  3.65407413e-03
 2.40028243e+08  6.93233596e+06  1.81110091e+08  3.31938633e-01  3.65411176e-03
 2.40998060e+08  6.89919418e+06  1.81525556e+08  3.31938551e-01  3.65414939e-03
 2.41967877e+08  6.86605240e+06  1.81941021e+08  3.31938468e-01  3.65418702e-03
 2.42937693e+08  6.83291063e+06  1.82356486e+08  3.31938385e-01  3.65422465e-03
 2.43907510e+08  6.79447495e+06  1.82874080e+08  3.31938273e-01  3.65427434e-03
 2.44877326e+08  6.75380968e+06  1.83434686e+08  3.31938151e-01  3.65432911e-03
 2.45847143e+08  6.71314440e+06  1.83995292e+08  3.31938028e-01  3.65438388e-03
 2.46816959e+08  6.67247912e+06  1.84555899e+08  3.31937905e-01  3.65443865e-03
 2.47786776e+08  6.63181385e+06  1.85116505e+08  3.31937782e-01  3.65449343e-03
 2.48756593e+08  6.59114857e+06  1.85677112e+08  3.31937659e-01  3.65454820e-03
 2.49726409e+08  6.54812365e+06  1.86302264e+08  3.31937518e-01  3.65460966e-03
 2.50696226e+08  6.50293446e+06  1.86986617e+08  3.31937361e-01  3.65467727e-03
 2.51666042e+08  6.45774527e+06  1.87670970e+08  3.31937204e-01  3.65474487e-03
 2.52635859e+08  6.41255608e+06  1.88355323e+08  3.31937047e-01  3.65481247e-03
 2.53605675e+08  6.36736689e+06  1.89039676e+08  3.31936890e-01  3.65488008e-03
 2.54575492e+08  6.32337629e+06  1.89737057e+08  3.31936717e-01  3.65495506e-03
 2.55545309e+08  6.28012638e+06  1.90442490e+08  3.31936534e-01  3.65503460e-03
 2.56515125e+08  6.23687647e+06  1.91147922e+08  3.31936352e-01  3.65511414e-03
 2.57484942e+08  6.19362656e+06  1.91853355e+08  3.31936169e-01  3.65519368e-03
 2.58454758e+08  6.15172767e+06  1.92558781e+08  3.31935976e-01  3.65527639e-03
 2.59424575e+08  6.11110392e+06  1.93264202e+08  3.31935775e-01  3.65536209e-03
 2.60394391e+08  6.07048017e+06  1.93969623e+08  3.31935573e-01  3.65544779e-03
 2.61364208e+08  6.02985642e+06  1.94675045e+08  3.31935372e-01  3.65553349e-03
 2.62334025e+08  5.98457603e+06  1.95497720e+08  3.31935133e-01  3.65563454e-03
 2.63303841e+08  5.93767640e+06  1.96361169e+08  3.31934880e-01  3.65574093e-03
 2.64273658e+08  5.89287213e+06  1.97188873e+08  3.31934637e-01  3.65584300e-03
 2.65243474e+08  5.86233573e+06  1.97773189e+08  3.31934461e-01  3.65591563e-03
 2.66213291e+08  5.83179934e+06  1.98357504e+08  3.31934284e-01  3.65598826e-03
 2.67183107e+08  5.80126295e+06  1.98941819e+08  3.31934107e-01  3.65606089e-03
 2.68152924e+08  5.77072655e+06  1.99526135e+08  3.31933930e-01  3.65613352e-03
 2.69122741e+08  5.72991361e+06  2.00353288e+08  3.31933667e-01  3.65624031e-03
 2.70092557e+08  5.68606175e+06  2.01252251e+08  3.31933377e-01  3.65635719e-03
 2.71062374e+08  5.64220988e+06  2.02151214e+08  3.31933088e-01  3.65647407e-03
 2.72032190e+08  5.60349777e+06  2.02963022e+08  3.31932829e-01  3.65657572e-03
 2.73002007e+08  5.56948487e+06  2.03695144e+08  3.31932598e-01  3.65666342e-03
 2.73971824e+08  5.53547196e+06  2.04427266e+08  3.31932367e-01  3.65675112e-03
 2.74941640e+08  5.50145905e+06  2.05159389e+08  3.31932136e-01  3.65683882e-03
 2.75911457e+08  5.45971425e+06  2.06097190e+08  3.31931839e-01  3.65694911e-03
 2.76881273e+08  5.41335578e+06  2.07157720e+08  3.31931503e-01  3.65707288e-03
 2.77851090e+08  5.36734899e+06  2.08213927e+08  3.31931166e-01  3.65719695e-03
 2.78820906e+08  5.32457496e+06  2.09230401e+08  3.31930814e-01  3.65732386e-03
 2.79790723e+08  5.28555360e+06  2.10162092e+08  3.31930489e-01  3.65744120e-03
 2.80760540e+08  5.25796250e+06  2.10835542e+08  3.31930240e-01  3.65752942e-03
 2.81730356e+08  5.23037141e+06  2.11508991e+08  3.31929992e-01  3.65761763e-03
 2.82700173e+08  5.20278032e+06  2.12182441e+08  3.31929744e-01  3.65770585e-03
 2.83669989e+08  5.16493446e+06  2.13149452e+08  3.31929390e-01  3.65782482e-03
 2.84639806e+08  5.12426370e+06  2.14197330e+08  3.31929008e-01  3.65795227e-03
 2.85609622e+08  5.08496299e+06  2.15213234e+08  3.31928635e-01  3.65807615e-03
 2.86579439e+08  5.05623424e+06  2.15982406e+08  3.31928329e-01  3.65817242e-03
 2.87549256e+08  5.02750548e+06  2.16751579e+08  3.31928023e-01  3.65826870e-03
 2.88519072e+08  4.99877673e+06  2.17520752e+08  3.31927717e-01  3.65836498e-03
 2.89488889e+08  4.97004798e+06  2.18289924e+08  3.31927411e-01  3.65846125e-03
 2.90458705e+08  4.93789295e+06  2.19202817e+08  3.31926953e-01  3.65859864e-03
 2.91428522e+08  4.90548377e+06  2.20126371e+08  3.31926483e-01  3.65873908e-03
 2.92398338e+08  4.87307458e+06  2.21049924e+08  3.31926013e-01  3.65887951e-03
 2.93368155e+08  4.84066540e+06  2.21973478e+08  3.31925543e-01  3.65901995e-03
 2.94337972e+08  4.80693687e+06  2.22949512e+08  3.31925020e-01  3.65917208e-03
 2.95307788e+08  4.76739749e+06  2.24156688e+08  3.31924264e-01  3.65937572e-03
 2.96277605e+08  4.72785812e+06  2.25363864e+08  3.31923507e-01  3.65957936e-03
 2.97247421e+08  4.68831875e+06  2.26571040e+08  3.31922751e-01  3.65978300e-03
 2.98217238e+08  4.64940992e+06  2.27797794e+08  3.31921827e-01  3.65999787e-03
 2.99187054e+08  4.61083278e+06  2.29034847e+08  3.31920816e-01  3.66021864e-03
 3.00156871e+08  4.57225565e+06  2.30271900e+08  3.31919804e-01  3.66043942e-03
 3.01126688e+08  4.54534625e+06  2.31165080e+08  3.31918983e-01  3.66060984e-03
 3.02096504e+08  4.51860203e+06  2.32053391e+08  3.31918164e-01  3.66077956e-03
 3.03066321e+08  4.49185782e+06  2.32941702e+08  3.31917346e-01  3.66094927e-03
 3.04036137e+08  4.46511361e+06  2.33830014e+08  3.31916528e-01  3.66111899e-03
 3.05005954e+08  4.42435826e+06  2.35252313e+08  3.31914897e-01  3.66140408e-03
 3.05975771e+08  4.37852983e+06  2.36867955e+08  3.31912973e-01  3.66173095e-03
 3.06945587e+08  4.33672016e+06  2.38358371e+08  3.31910854e-01  3.66203972e-03
 3.07915404e+08  4.30019362e+06  2.39684161e+08  3.31908480e-01  3.66232469e-03
 3.08885220e+08  4.27173287e+06  2.40729652e+08  3.31906290e-01  3.66255250e-03
 3.09855037e+08  4.24760680e+06  2.41624507e+08  3.31904200e-01  3.66274959e-03
 3.10824853e+08  4.22348073e+06  2.42519362e+08  3.31902110e-01  3.66294669e-03
 3.11794670e+08  4.19469253e+06  2.43606064e+08  3.31899474e-01  3.66318644e-03
 3.12764487e+08  4.15285554e+06  2.45229721e+08  3.31895312e-01  3.66354557e-03
 3.13734303e+08  4.11560677e+06  2.46680901e+08  3.31891362e-01  3.66386903e-03
 3.14704120e+08  4.09144823e+06  2.47639999e+08  3.31888017e-01  3.66409068e-03
 3.15673936e+08  4.06728969e+06  2.48599097e+08  3.31884672e-01  3.66431234e-03
 3.16643753e+08  4.04313115e+06  2.49558196e+08  3.31881327e-01  3.66453399e-03
 3.17613569e+08  4.00666058e+06  2.51060812e+08  3.31874555e-01  3.66488541e-03
 3.18583386e+08  3.96568217e+06  2.52762429e+08  3.31866529e-01  3.66528433e-03
 3.19553203e+08  3.93556773e+06  2.54028295e+08  3.31859026e-01  3.66558484e-03
 3.20523019e+08  3.91092826e+06  2.55074560e+08  3.31851787e-01  3.66583575e-03
 3.21492836e+08  3.88628879e+06  2.56120826e+08  3.31844548e-01  3.66608667e-03
 3.22462652e+08  3.85834443e+06  2.57331344e+08  3.31833592e-01  3.66639454e-03
 3.23432469e+08  3.82643629e+06  2.58738860e+08  3.31818179e-01  3.66677072e-03
 3.24402285e+08  3.79452814e+06  2.60146376e+08  3.31802766e-01  3.66714689e-03
 3.25372102e+08  3.76499818e+06  2.61475697e+08  3.31781601e-01  3.66753046e-03
 3.26341919e+08  3.73651020e+06  2.62770757e+08  3.31757915e-01  3.66791726e-03
 3.27311735e+08  3.70802223e+06  2.64065817e+08  3.31734230e-01  3.66830406e-03
 3.28281552e+08  3.68250450e+06  2.65254151e+08  3.31700345e-01  3.66866192e-03
 3.29251368e+08  3.65764931e+06  2.66418678e+08  3.31664185e-01  3.66901333e-03
 3.30221185e+08  3.63279413e+06  2.67583205e+08  3.31628025e-01  3.66936474e-03
 3.31191002e+08  3.60793894e+06  2.68747733e+08  3.31591865e-01  3.66971615e-03
 3.32160818e+08  3.57274255e+06  2.70462384e+08  3.31482837e-01  3.67027039e-03
 3.33130635e+08  3.53642214e+06  2.72236830e+08  3.31365889e-01  3.67084668e-03
 3.34100451e+08  3.50219615e+06  2.73924949e+08  3.31120883e-01  3.67138919e-03
 3.35070268e+08  3.47069652e+06  2.75500691e+08  3.30709180e-01  3.67188772e-03
 3.36040084e+08  3.44378668e+06  2.76855539e+08  3.30813697e-01  3.67245029e-03
 3.37009901e+08  3.42150414e+06  2.77987685e+08  3.31438654e-01  3.67307743e-03
 3.37979718e+08  3.39922161e+06  2.79119831e+08  3.32063612e-01  3.67370456e-03
 3.38949534e+08  3.37493172e+06  2.80368923e+08  3.33246812e-01  3.67423872e-03
 3.39919351e+08  3.34757307e+06  2.81796797e+08  3.35283432e-01  3.67463072e-03
 3.40889167e+08  3.32021442e+06  2.83224671e+08  3.37320053e-01  3.67502273e-03
 3.41858984e+08  3.29266846e+06  2.84676744e+08  3.38813380e-01  3.67526367e-03
 3.42828800e+08  3.26480001e+06  2.86170480e+08  3.39371344e-01  3.67524455e-03
 3.43798617e+08  3.23693156e+06  2.87664216e+08  3.39929309e-01  3.67522542e-03
 3.44768434e+08  3.20757973e+06  2.89261057e+08  3.39720685e-01  3.67508687e-03
 3.45738250e+08  3.17730819e+06  2.90921825e+08  3.39036779e-01  3.67487429e-03
 3.46708067e+08  3.15182289e+06  2.92329079e+08  3.38465152e-01  3.67469494e-03
 3.47677883e+08  3.13050008e+06  2.93515857e+08  3.37991174e-01  3.67454452e-03
 3.48647700e+08  3.10917727e+06  2.94702635e+08  3.37517195e-01  3.67439409e-03
 3.49617516e+08  3.08600381e+06  2.96005334e+08  3.36991140e-01  3.67422619e-03
 3.50587333e+08  3.05950060e+06  2.97516601e+08  3.36371386e-01  3.67402687e-03
 3.51557150e+08  3.03299739e+06  2.99027868e+08  3.35751633e-01  3.67382755e-03
 3.52526966e+08  3.00611551e+06  3.00574929e+08  3.35103836e-01  3.67361762e-03
 3.53496783e+08  2.97877711e+06  3.02165145e+08  3.34422231e-01  3.67339490e-03
 3.54466599e+08  2.95158087e+06  3.03747616e+08  3.33744248e-01  3.67317302e-03
 3.55436416e+08  2.92941200e+06  3.05056242e+08  3.33194339e-01  3.67298111e-03
 3.56406232e+08  2.90724313e+06  3.06364867e+08  3.32644430e-01  3.67278920e-03
 3.57376049e+08  2.88510605e+06  3.07672208e+08  3.32095328e-01  3.67259718e-03
 3.58345866e+08  2.86413223e+06  3.08932578e+08  3.31575753e-01  3.67240104e-03
 3.59315682e+08  2.84315842e+06  3.10192948e+08  3.31056179e-01  3.67220489e-03
 3.60285499e+08  2.82218460e+06  3.11453317e+08  3.30536604e-01  3.67200874e-03
 3.61255315e+08  2.80121078e+06  3.12713687e+08  3.30017029e-01  3.67181260e-03
 3.62225132e+08  2.77072362e+06  3.14590270e+08  3.29261903e-01  3.67150173e-03
 3.63194949e+08  2.74009394e+06  3.16476085e+08  3.28503249e-01  3.67118915e-03
 3.64164765e+08  2.71234102e+06  3.18192738e+08  3.27820349e-01  3.67089748e-03
 3.65134582e+08  2.68789422e+06  3.19714982e+08  3.27224509e-01  3.67062985e-03
 3.66104398e+08  2.66437531e+06  3.21181779e+08  3.26652598e-01  3.67036939e-03
 3.67074215e+08  2.64456282e+06  3.22427091e+08  3.26176266e-01  3.67013759e-03
 3.68044031e+08  2.62475034e+06  3.23672404e+08  3.25699934e-01  3.66990580e-03
 3.69013848e+08  2.60488533e+06  3.24923103e+08  3.25224019e-01  3.66967113e-03
 3.69983665e+08  2.58467104e+06  3.26209630e+08  3.24750874e-01  3.66941734e-03
 3.70953481e+08  2.56445676e+06  3.27496157e+08  3.24277730e-01  3.66916356e-03
 3.71923298e+08  2.54424247e+06  3.28782684e+08  3.23804586e-01  3.66890977e-03
 3.72893114e+08  2.52325725e+06  3.30124739e+08  3.23310893e-01  3.66863551e-03
 3.73862931e+08  2.50071975e+06  3.31578596e+08  3.22775824e-01  3.66832003e-03
 3.74832747e+08  2.47818225e+06  3.33032454e+08  3.22240756e-01  3.66800455e-03
 3.75802564e+08  2.45564475e+06  3.34486312e+08  3.21705687e-01  3.66768907e-03
 3.76772381e+08  2.42671139e+06  3.36368837e+08  3.20962360e-01  3.66723941e-03
 3.77742197e+08  2.39578446e+06  3.38384976e+08  3.20154118e-01  3.66674793e-03
 3.78712014e+08  2.37860912e+06  3.39507371e+08  3.18508781e-01  3.66607462e-03
 3.79681830e+08  2.36331074e+06  3.40507779e+08  3.16749189e-01  3.66537649e-03
 3.80651647e+08  2.34801236e+06  3.41508187e+08  3.14989598e-01  3.66467836e-03
 3.81621463e+08  2.33271398e+06  3.42508595e+08  3.13230006e-01  3.66398023e-03
 3.82591280e+08  2.31077065e+06  3.43952583e+08  3.11964449e-01  3.66332132e-03
 3.83561097e+08  2.28701763e+06  3.45517375e+08  3.10833439e-01  3.66267309e-03
 3.84530913e+08  2.26326462e+06  3.47082167e+08  3.09702428e-01  3.66202485e-03
 3.85500730e+08  2.24230330e+06  3.48463739e+08  3.08954915e-01  3.66151954e-03
 3.86470546e+08  2.22265496e+06  3.49759140e+08  3.08387764e-01  3.66108144e-03
 3.87440363e+08  2.20300661e+06  3.51054541e+08  3.07820614e-01  3.66064335e-03
 3.88410180e+08  2.17814419e+06  3.52696627e+08  3.06604084e-01  3.65970798e-03
 3.89379996e+08  2.14677857e+06  3.54771112e+08  3.04577623e-01  3.65815241e-03
 3.90349813e+08  2.12187060e+06  3.56415938e+08  3.02999322e-01  3.65703019e-03
 3.91319629e+08  2.10063988e+06  3.57815407e+08  3.02209572e-01  3.65635310e-03
 3.92289446e+08  2.07785490e+06  3.59315508e+08  3.01631762e-01  3.65578301e-03
 3.93259262e+08  2.05235712e+06  3.60681705e+08  4.66650038e-01  3.67209342e-03
 3.94229079e+08  2.03727795e+06  3.61650661e+08  4.68935521e-01  3.67218057e-03
 3.95198896e+08  2.02028348e+06  3.62737794e+08  4.71362943e-01  3.67226966e-03
 3.96168712e+08  2.00373545e+06  3.63788328e+08  4.75448009e-01  3.67244857e-03
 3.97138529e+08  1.98752856e+06  3.64813829e+08  4.78344030e-01  3.67252567e-03
 3.98108345e+08  1.97328876e+06  3.65715363e+08  4.78830301e-01  3.67249399e-03
 3.99078162e+08  1.95782809e+06  3.66686864e+08  4.79107584e-01  3.67236784e-03
 4.00047978e+08  1.94203459e+06  3.67677440e+08  4.79327893e-01  3.67221595e-03
 4.01017795e+08  1.92503460e+06  3.68737444e+08  4.79026973e-01  3.67192521e-03
 4.01987612e+08  1.90667251e+06  3.69875829e+08  4.78137607e-01  3.67147774e-03
 4.02957428e+08  1.88813451e+06  3.71019997e+08  4.77366006e-01  3.67104575e-03
 4.03927245e+08  1.86919590e+06  3.72177329e+08  4.76862583e-01  3.67064904e-03
 4.04897061e+08  1.84839490e+06  3.73440418e+08  4.76338493e-01  3.67018796e-03
 4.05866878e+08  1.82730380e+06  3.74709708e+08  4.75868520e-01  3.66968399e-03
 4.06836694e+08  1.81003563e+06  3.75739768e+08  4.75558889e-01  3.66925372e-03
 4.07806511e+08  1.79350430e+06  3.76718129e+08  4.75293969e-01  3.66885538e-03
 4.08776328e+08  1.77823605e+06  3.77615285e+08  4.75080602e-01  3.66849564e-03
 4.09746144e+08  1.75979218e+06  3.78688407e+08  4.74846849e-01  3.66801828e-03
 4.10715961e+08  1.74198710e+06  3.79715117e+08  4.74744895e-01  3.66753676e-03
 4.11685777e+08  1.72547388e+06  3.80657986e+08  4.74692869e-01  3.66707411e-03
 4.12655594e+08  1.70821561e+06  3.81633448e+08  4.74662237e-01  3.66658615e-03
 4.13625410e+08  1.69287914e+06  3.82492358e+08  4.74654717e-01  3.66617247e-03
 4.14595227e+08  1.67770793e+06  3.83334121e+08  4.74651751e-01  3.66574161e-03
 4.15565044e+08  1.66239925e+06  3.84175121e+08  4.74686973e-01  3.66530527e-03
 4.16534860e+08  1.64672398e+06  3.85027506e+08  4.74771334e-01  3.66486296e-03
 4.17504677e+08  1.62985457e+06  3.85934763e+08  4.74901091e-01  3.66438849e-03
 4.18474493e+08  1.61373293e+06  3.86792001e+08  4.75062235e-01  3.66393348e-03
 4.19444310e+08  1.59915447e+06  3.87558127e+08  4.75245355e-01  3.66351717e-03
 4.20414127e+08  1.58402621e+06  3.88343549e+08  4.75435815e-01  3.66305608e-03
 4.21383943e+08  1.56895294e+06  3.89116735e+08  4.75659285e-01  3.66261657e-03
 4.22353760e+08  1.55400115e+06  3.89874218e+08  4.75904579e-01  3.66219170e-03
 4.23323576e+08  1.53883023e+06  3.90632935e+08  4.76170670e-01  3.66172300e-03
 4.24293393e+08  1.52367166e+06  3.91380946e+08  4.76454236e-01  3.66127664e-03
 4.25263209e+08  1.50907945e+06  3.92091358e+08  4.76745458e-01  3.66093637e-03
 4.26233026e+08  1.49532512e+06  3.92751875e+08  4.77037526e-01  3.66069146e-03
 4.27202843e+08  1.48102324e+06  3.93428926e+08  4.77354425e-01  3.66046403e-03
 4.28172659e+08  1.46684727e+06  3.94089772e+08  4.77681870e-01  3.66027084e-03
 4.29142476e+08  1.45283001e+06  3.94733234e+08  4.78018817e-01  3.66011057e-03
 4.30112292e+08  1.44011763e+06  3.95308405e+08  4.78334791e-01  3.65998950e-03
 4.31082109e+08  1.42638445e+06  3.95919128e+08  4.78685133e-01  3.65987283e-03
 4.32051925e+08  1.41363780e+06  3.96477084e+08  4.79019917e-01  3.65978216e-03
 4.33021742e+08  1.40152167e+06  3.97001482e+08  4.79343939e-01  3.65967187e-03
 4.33991559e+08  1.39010087e+06  3.97484434e+08  4.79657890e-01  3.65941229e-03
 4.34961375e+08  1.37868006e+06  3.97967386e+08  4.79971841e-01  3.65915272e-03
 4.35931192e+08  1.36629793e+06  3.98470637e+08  4.80323408e-01  3.65938814e-03
 4.36901008e+08  1.35385131e+06  3.98975249e+08  4.80677499e-01  3.65965678e-03
 4.37870825e+08  1.34175601e+06  3.99456774e+08  4.81024313e-01  3.65974270e-03
 4.38840641e+08  1.33027625e+06  3.99897846e+08  4.81358379e-01  3.65950851e-03
 4.39810458e+08  1.31879649e+06  4.00338917e+08  4.81692445e-01  3.65927431e-03
 4.40780275e+08  1.30731674e+06  4.00779988e+08  4.82026510e-01  3.65904012e-03
 4.41750091e+08  1.28766638e+06  4.01480587e+08  4.82620604e-01  3.65857489e-03
 4.42719908e+08  1.27190462e+06  4.02036633e+08  4.83097746e-01  3.65818250e-03
 4.43689724e+08  1.26248368e+06  4.02357851e+08  4.83383899e-01  3.65791045e-03
 4.44659541e+08  1.25306274e+06  4.02679070e+08  4.83670053e-01  3.65763840e-03
 4.45629358e+08  1.24260925e+06  4.03025838e+08  4.83989000e-01  3.65730994e-03
 4.46599174e+08  1.22916649e+06  4.03446574e+08  4.84402885e-01  3.65681813e-03
 4.47568991e+08  1.21572373e+06  4.03867311e+08  4.84816770e-01  3.65632632e-03
 4.48538807e+08  1.20060713e+06  4.04314262e+08  4.85283267e-01  3.65569445e-03
 4.49508624e+08  1.18562437e+06  4.04744716e+08  4.85745470e-01  3.65502456e-03
 4.50478440e+08  1.17745258e+06  4.04967211e+08  4.85992980e-01  3.65457840e-03
 4.51448257e+08  1.16928080e+06  4.05189705e+08  4.86240489e-01  3.65413224e-03
 4.52418074e+08  1.16110901e+06  4.05412199e+08  4.86487999e-01  3.65368609e-03
 4.53387890e+08  1.15006306e+06  4.05693837e+08  4.86822798e-01  3.65302663e-03
 4.54357707e+08  1.13087210e+06  4.06143079e+08  4.87404964e-01  3.65176274e-03
 4.55327523e+08  1.11741081e+06  4.06446747e+08  4.87814818e-01  3.65083904e-03
 4.56297340e+08  1.10727810e+06  4.06665844e+08  4.88124569e-01  3.65011297e-03
 4.57267156e+08  1.09710348e+06  4.06871833e+08  4.88432907e-01  3.64935932e-03
 4.58236973e+08  1.08690481e+06  4.07070303e+08  4.88740434e-01  3.64858986e-03
 4.59206790e+08  1.07618963e+06  4.07269273e+08  4.89063466e-01  3.64776367e-03
 4.60176606e+08  1.06434188e+06  4.07469340e+08  4.89420492e-01  3.64681311e-03
 4.61146423e+08  1.05389821e+06  4.07638668e+08  4.89734464e-01  3.64595615e-03
 4.62116239e+08  1.04571356e+06  4.07758543e+08  4.89979163e-01  3.64524978e-03
 4.63086056e+08  1.03752891e+06  4.07878417e+08  4.90223863e-01  3.64454342e-03
 4.64055872e+08  1.02934426e+06  4.07998292e+08  4.90468562e-01  3.64383705e-03
 4.65025689e+08  1.01475648e+06  4.08155770e+08  4.90911964e-01  3.64249178e-03
 4.65995506e+08  9.99922987e+05  4.08308890e+08  4.91362152e-01  3.64111041e-03
 4.66965322e+08  9.87789725e+05  4.08410933e+08  4.91723444e-01  3.63992810e-03
 4.67935139e+08  9.80223051e+05  4.08464775e+08  4.91953381e-01  3.63916911e-03
 4.68904955e+08  9.73221488e+05  4.08512653e+08  4.92167062e-01  3.63846252e-03
 4.69874772e+08  9.66219925e+05  4.08560531e+08  4.92380744e-01  3.63775592e-03
 4.70844588e+08  9.56752993e+05  4.08592893e+08  4.92672348e-01  3.63675001e-03
 4.71814405e+08  9.46841161e+05  4.08622455e+08  4.92978014e-01  3.63569010e-03
 4.72784222e+08  9.36929330e+05  4.08652018e+08  4.93283680e-01  3.63463018e-03
 4.73754038e+08  9.26232361e+05  4.08645268e+08  4.93617517e-01  3.63342616e-03
 4.74723855e+08  9.15485626e+05  4.08636217e+08  4.93953140e-01  3.63221301e-03
 4.75693671e+08  9.03766723e+05  4.08601314e+08  4.94331849e-01  3.63086718e-03
 4.76663488e+08  8.92879280e+05  4.08554612e+08  4.94688456e-01  3.62957160e-03
 4.77633305e+08  8.85439779e+05  4.08511189e+08  4.94930698e-01  3.62858178e-03
 4.78603121e+08  8.77797616e+05  4.08463808e+08  4.95180810e-01  3.62757265e-03
 4.79572938e+08  8.68192592e+05  4.08378091e+08  4.95507140e-01  3.62637641e-03
 4.80542754e+08  8.58484478e+05  4.08286051e+08  4.95837168e-01  3.62515230e-03
 4.81512571e+08  8.48349578e+05  4.08167838e+08  4.96182508e-01  3.62381282e-03
 4.82482387e+08  8.39463264e+05  4.08050852e+08  4.96499048e-01  3.62260535e-03
 4.83452204e+08  8.29901254e+05  4.07912227e+08  4.96849095e-01  3.62128340e-03
 4.84422021e+08  8.17194888e+05  4.07700654e+08  4.97323618e-01  3.61948569e-03
 4.85391837e+08  8.09451869e+05  4.07558297e+08  4.97610047e-01  3.61836146e-03
 4.86361654e+08  8.03046200e+05  4.07432476e+08  4.97870014e-01  3.61742332e-03
 4.87331470e+08  7.96562027e+05  4.07297485e+08  4.98132032e-01  3.61645704e-03
 4.88301287e+08  7.89707277e+05  4.07147565e+08  4.98407140e-01  3.61542236e-03
 4.89271103e+08  7.82447498e+05  4.06975756e+08  4.98709116e-01  3.61430695e-03
 4.90240920e+08  7.74929882e+05  4.06790013e+08  4.99028195e-01  3.61314015e-03
 4.91210737e+08  7.64367461e+05  4.06505498e+08  4.99497287e-01  3.61147099e-03
 4.92180553e+08  7.55708463e+05  4.06256993e+08  4.99896700e-01  3.61007467e-03
 4.93150370e+08  7.49823960e+05  4.06083542e+08  5.00173419e-01  3.60911219e-03
 4.94120186e+08  7.39014548e+05  4.05735166e+08  5.00700128e-01  3.60730620e-03
 4.95090003e+08  7.33306902e+05  4.05542377e+08  5.00995818e-01  3.60638055e-03
 4.96059819e+08  7.27765269e+05  4.05354763e+08  5.01283868e-01  3.60548352e-03
 4.97029636e+08  7.19529003e+05  4.05048093e+08  5.01738543e-01  3.60306802e-03
 4.97999453e+08  7.10464503e+05  4.04700301e+08  5.02249521e-01  3.60085578e-03
 4.98969269e+08  7.01572454e+05  4.04338996e+08  5.02770923e-01  3.60021215e-03
 4.99939086e+08  6.93533721e+05  4.03997082e+08  5.03258546e-01  3.60079671e-03
 5.00908902e+08  6.87130017e+05  4.03714116e+08  5.03664915e-01  3.59973775e-03
 5.01878719e+08  6.79880451e+05  4.03380382e+08  5.04139921e-01  3.59701498e-03
 5.02848536e+08  6.72521301e+05  4.03028839e+08  5.04629249e-01  3.59510939e-03
 5.03818352e+08  6.65722033e+05  4.02691311e+08  5.05097322e-01  3.59386820e-03
 5.04788169e+08  6.59085088e+05  4.02350049e+08  5.05574457e-01  3.59253250e-03
 5.05757985e+08  6.52590295e+05  4.02004509e+08  5.06049559e-01  3.59102762e-03
 5.06727802e+08  6.45765187e+05  4.01629665e+08  5.06555716e-01  3.58948619e-03
 5.07697618e+08  6.37742457e+05  4.01170742e+08  5.07168229e-01  3.58817210e-03
 5.08667435e+08  6.30554732e+05  4.00744609e+08  5.07733252e-01  3.58673434e-03
 5.09637252e+08  6.25508171e+05  4.00436399e+08  5.08135091e-01  3.58556569e-03
 5.10607068e+08  6.18237088e+05  3.99977133e+08  5.08717717e-01  3.58387314e-03
 5.11576885e+08  6.10697330e+05  3.99484600e+08  5.09323278e-01  3.58205831e-03
 5.12546701e+08  6.04860071e+05  3.99090156e+08  5.09814412e-01  3.58067925e-03
 5.13516518e+08  5.99562392e+05  3.98724342e+08  5.10270032e-01  3.57943732e-03
 5.14486334e+08  5.91929084e+05  3.98177125e+08  5.10925097e-01  3.57759697e-03
 5.15456151e+08  5.84994379e+05  3.97663795e+08  5.11527750e-01  3.57586605e-03
 5.16425968e+08  5.79503300e+05  3.97245662e+08  5.12013243e-01  3.57445034e-03
 5.17395784e+08  5.72881056e+05  3.96727633e+08  5.12606488e-01  3.57276353e-03
 5.18365601e+08  5.66714204e+05  3.96231227e+08  5.13161861e-01  3.57115239e-03
 5.19335417e+08  5.60706905e+05  3.95735923e+08  5.13703614e-01  3.56952738e-03
 5.20305234e+08  5.54925036e+05  3.95246847e+08  5.14225197e-01  3.56795656e-03
 5.21275050e+08  5.49028430e+05  3.94737982e+08  5.14761879e-01  3.56627629e-03
 5.22244867e+08  5.42468463e+05  3.94157444e+08  5.15364415e-01  3.56434336e-03
 5.23214684e+08  5.38107669e+05  3.93761739e+08  5.15766383e-01  3.56302712e-03
 5.24184500e+08  5.32958228e+05  3.93267293e+08  5.16241010e-01  3.56142738e-03
 5.25154317e+08  5.26508524e+05  3.92701656e+08  5.16834191e-01  3.55937398e-03
 5.26124133e+08  5.21554748e+05  3.92239235e+08  5.17293964e-01  3.55774339e-03
 5.27093950e+08  5.17250367e+05  3.91707003e+08  5.17701116e-01  3.55629543e-03
 5.28063766e+08  5.11669096e+05  3.91443328e+08  5.18208257e-01  3.55438318e-03
 5.29033583e+08  5.06453627e+05  3.91112199e+08  5.18686320e-01  3.55254797e-03
 5.30003400e+08  5.02192239e+05  3.90600719e+08  5.19088741e-01  3.55093973e-03
 5.30973216e+08  4.97930850e+05  3.90089239e+08  5.19491163e-01  3.54933150e-03
 5.31943033e+08  4.93419042e+05  3.89569451e+08  5.19912574e-01  3.54753552e-03
 5.32912849e+08  4.88697928e+05  3.89042717e+08  5.20349855e-01  3.54558261e-03
 5.33882666e+08  4.83976813e+05  3.88515983e+08  5.20787137e-01  3.54362969e-03
 5.34852483e+08  4.79245881e+05  3.87986820e+08  5.21224605e-01  3.54166445e-03
 5.35822299e+08  4.74196017e+05  3.87378719e+08  5.21668122e-01  3.53929859e-03
 5.36792116e+08  4.69146153e+05  3.86770618e+08  5.22111638e-01  3.53693274e-03
 5.37761932e+08  4.64096289e+05  3.86162517e+08  5.22555155e-01  3.53456689e-03
 5.38731749e+08  4.58404192e+05  3.85451395e+08  5.23031787e-01  3.53174499e-03
 5.39701565e+08  4.51888351e+05  3.84608134e+08  5.23550896e-01  3.52833816e-03
 5.40671382e+08  4.45684452e+05  3.83798706e+08  5.24031380e-01  3.52501495e-03
 5.41641199e+08  4.40452615e+05  3.83094701e+08  5.24391501e-01  3.52195231e-03
 5.42611015e+08  4.35841129e+05  3.82468746e+08  5.24695279e-01  3.51919544e-03
 5.43580832e+08  4.32310457e+05  3.81978773e+08  5.24900891e-01  3.51697131e-03
 5.44550648e+08  4.28779786e+05  3.81488800e+08  5.25106504e-01  3.51474718e-03
 5.45520465e+08  4.25249114e+05  3.80998827e+08  5.25312116e-01  3.51252305e-03
 5.46490281e+08  4.19942189e+05  3.80222734e+08  5.25581692e-01  3.50893463e-03
 5.47460098e+08  4.13447996e+05  3.79255397e+08  5.25894022e-01  3.50443432e-03
 5.48429915e+08  4.08648872e+05  3.78531831e+08  5.26102682e-01  3.50098112e-03
 5.49399731e+08  4.05235725e+05  3.78007584e+08  5.26226576e-01  3.49838409e-03
 5.50369548e+08  4.01822578e+05  3.77483338e+08  5.26350471e-01  3.49578707e-03
 5.51339364e+08  3.98409432e+05  3.76959092e+08  5.26474366e-01  3.49319004e-03
 5.52309181e+08  3.94024196e+05  3.76248372e+08  5.26605635e-01  3.48960358e-03
 5.53278997e+08  3.89257831e+05  3.75464541e+08  5.26739797e-01  3.48562919e-03
 5.54248814e+08  3.84491466e+05  3.74680710e+08  5.26873959e-01  3.48165479e-03
 5.55218631e+08  3.79591099e+05  3.73849902e+08  5.26990421e-01  3.47736342e-03
 5.56188447e+08  3.74585920e+05  3.72982351e+08  5.27093041e-01  3.47282411e-03
 5.57158264e+08  3.69782088e+05  3.72141409e+08  5.27185043e-01  3.46838828e-03
 5.58128080e+08  3.65442782e+05  3.71361860e+08  5.27252550e-01  3.46419118e-03
 5.59097897e+08  3.61192860e+05  3.70591287e+08  5.27312849e-01  3.46001508e-03
 5.60067714e+08  3.57148670e+05  3.69841374e+08  5.27356560e-01  3.45588729e-03
 5.61037530e+08  3.52897976e+05  3.69043503e+08  5.27395243e-01  3.45147092e-03
 5.62007347e+08  3.48270705e+05  3.68158176e+08  5.27424757e-01  3.44652830e-03
 5.62977163e+08  3.44897847e+05  3.67500821e+08  5.27435003e-01  3.44278727e-03
 5.63946980e+08  3.41630178e+05  3.66862583e+08  5.27443633e-01  3.43914700e-03
 5.64916796e+08  3.38214544e+05  3.66176673e+08  5.27442739e-01  3.43518186e-03
 5.65886613e+08  3.34776230e+05  3.65483456e+08  5.27440385e-01  3.43116693e-03
 5.66856430e+08  3.31120429e+05  3.64734639e+08  5.27430036e-01  3.42680261e-03
 5.67826246e+08  3.27086321e+05  3.63889108e+08  5.27405780e-01  3.42183054e-03
 5.68796063e+08  3.23161708e+05  3.63060483e+08  5.27375201e-01  3.41693148e-03
 5.69765879e+08  3.19552885e+05  3.62280619e+08  5.27326384e-01  3.41224297e-03
 5.70735696e+08  3.15795399e+05  3.61463800e+08  5.27272637e-01  3.40732209e-03
 5.71705512e+08  3.11203692e+05  3.60439606e+08  5.27191230e-01  3.40109725e-03
 5.72675329e+08  3.08253143e+05  3.59773682e+08  5.27127584e-01  3.39697592e-03
 5.73645146e+08  3.05636719e+05  3.59180699e+08  5.27067555e-01  3.39328284e-03
 5.74614962e+08  3.02846758e+05  3.58541616e+08  5.26999672e-01  3.38929032e-03
 5.75584779e+08  2.99454949e+05  3.57742652e+08  5.26904552e-01  3.38425931e-03
 5.76554595e+08  2.96063140e+05  3.56943689e+08  5.26809432e-01  3.37922829e-03
 5.77524412e+08  2.91820955e+05  3.55917817e+08  5.26674289e-01  3.37271688e-03
 5.78494228e+08  2.87389101e+05  3.54830550e+08  5.26521137e-01  3.36577027e-03
 5.79464045e+08  2.84143350e+05  3.54022878e+08  5.26392747e-01  3.36052934e-03
 5.80433862e+08  2.81436088e+05  3.53339742e+08  5.26281150e-01  3.35605026e-03
 5.81403678e+08  2.78841016e+05  3.52682551e+08  5.26173051e-01  3.35172990e-03
 5.82373495e+08  2.76011451e+05  3.51952398e+08  5.26045290e-01  3.34690056e-03
 5.83343311e+08  2.73002780e+05  3.51166514e+08  5.25902510e-01  3.34168246e-03
 5.84313128e+08  2.69998295e+05  3.50379145e+08  5.25757737e-01  3.33644688e-03
 5.85282944e+08  2.67030760e+05  3.49578658e+08  5.25595378e-01  3.33105709e-03
 5.86252761e+08  2.64063224e+05  3.48778172e+08  5.25433019e-01  3.32566730e-03
 5.87222578e+08  2.60069599e+05  3.47676755e+08  5.25202544e-01  3.31823499e-03
 5.88192394e+08  2.55998124e+05  3.46535325e+08  5.24954149e-01  3.31049131e-03
 5.89162211e+08  2.53563364e+05  3.45847254e+08  5.24794620e-01  3.30576300e-03
 5.90132027e+08  2.51252460e+05  3.45184851e+08  5.24640596e-01  3.30118202e-03
 5.91101844e+08  2.48986378e+05  3.44531737e+08  5.24488564e-01  3.29665434e-03
 5.92071661e+08  2.46720296e+05  3.43878623e+08  5.24336533e-01  3.29212667e-03
 5.93041477e+08  2.42950203e+05  3.42752785e+08  5.24078133e-01  3.28433850e-03
 5.94011294e+08  2.39400186e+05  3.41685340e+08  5.23832066e-01  3.27693183e-03
 5.94981110e+08  2.37235413e+05  3.41026552e+08  5.23675950e-01  3.27229103e-03
 5.95950927e+08  2.35070639e+05  3.40367764e+08  5.23519835e-01  3.26765023e-03
 5.96920743e+08  2.32317736e+05  3.39509776e+08  5.23319090e-01  3.26159723e-03
 5.97890560e+08  2.29158639e+05  3.38514210e+08  5.23087521e-01  3.25456888e-03
 5.98860377e+08  2.26278814e+05  3.37595480e+08  5.22870531e-01  3.24805714e-03
 5.99830193e+08  2.23602343e+05  3.36732699e+08  5.22664157e-01  3.24192156e-03
 6.00800010e+08  2.21261970e+05  3.35969209e+08  5.22474294e-01  3.23645542e-03
 6.01769826e+08  2.19129273e+05  3.35267072e+08  5.22294632e-01  3.23140291e-03
 6.02739643e+08  2.16996575e+05  3.34564935e+08  5.22114971e-01  3.22635040e-03
 6.03709459e+08  2.13827580e+05  3.33491463e+08  5.21835107e-01  3.21866410e-03
 6.04679276e+08  2.10167395e+05  3.32237590e+08  5.21504830e-01  3.20969788e-03
 6.05649093e+08  2.07523590e+05  3.31319925e+08  5.21254244e-01  3.20311393e-03
 6.06618909e+08  2.05397587e+05  3.30574136e+08  5.21041570e-01  3.19775395e-03
 6.07588726e+08  2.03372595e+05  3.29861878e+08  5.20836291e-01  3.19263274e-03
 6.08558542e+08  2.01420373e+05  3.29162475e+08  5.20643483e-01  3.18764754e-03
 6.09528359e+08  1.99478078e+05  3.28464825e+08  5.20452375e-01  3.18268089e-03
 6.10498175e+08  1.97535783e+05  3.27767176e+08  5.20261268e-01  3.17771425e-03
 6.11467992e+08  1.94881544e+05  3.26783443e+08  5.20020567e-01  3.17084893e-03
 6.12437809e+08  1.92022908e+05  3.25717577e+08  5.19765629e-01  3.16343850e-03
 6.13407625e+08  1.89634388e+05  3.24815886e+08  5.19571052e-01  3.15722228e-03
 6.14377442e+08  1.87491880e+05  3.24000108e+08  5.19408061e-01  3.15163097e-03
 6.15347258e+08  1.85206512e+05  3.23122132e+08  5.19245951e-01  3.14565621e-03
 6.16317075e+08  1.82560759e+05  3.22087255e+08  5.19086062e-01  3.13871417e-03
 6.17286891e+08  1.80285954e+05  3.21189881e+08  5.18958804e-01  3.13272187e-03
 6.18256708e+08  1.78282383e+05  3.20393050e+08  5.18855406e-01  3.12742403e-03
 6.19226525e+08  1.76269684e+05  3.19582706e+08  5.18758119e-01  3.12207174e-03
 6.20196341e+08  1.74249964e+05  3.18761967e+08  5.18665534e-01  3.11667759e-03
 6.21166158e+08  1.72212008e+05  3.17927004e+08  5.18577693e-01  3.11122088e-03
 6.22135974e+08  1.70137649e+05  3.17063646e+08  5.18499323e-01  3.10563930e-03
 6.23105791e+08  1.68069129e+05  3.16200757e+08  5.18422145e-01  3.10006962e-03
 6.24075608e+08  1.66054156e+05  3.15342171e+08  5.18355890e-01  3.09460914e-03
 6.25045424e+08  1.64039183e+05  3.14483584e+08  5.18289635e-01  3.08914865e-03
 6.26015241e+08  1.62130294e+05  3.13654274e+08  5.18230490e-01  3.08395198e-03
 6.26985057e+08  1.60242490e+05  3.12830783e+08  5.18172758e-01  3.07880773e-03
 6.27954874e+08  1.57963613e+05  3.11823581e+08  5.18104576e-01  3.07258154e-03
 6.28924690e+08  1.55181623e+05  3.10573641e+08  5.18024624e-01  3.06496280e-03
 6.29894507e+08  1.53609108e+05  3.09861341e+08  5.17984983e-01  3.06068733e-03
 6.30864324e+08  1.52040008e+05  3.09145504e+08  5.17948873e-01  3.05643049e-03
 6.31834140e+08  1.50476286e+05  3.08424098e+08  5.17918326e-01  3.05220297e-03
 6.32803957e+08  1.48912563e+05  3.07702692e+08  5.17887778e-01  3.04797546e-03
 6.33773773e+08  1.47005988e+05  3.06801904e+08  5.17868812e-01  3.04285160e-03
 6.34743590e+08  1.44988083e+05  3.05842867e+08  5.17853607e-01  3.03743668e-03
 6.35713406e+08  1.43148431e+05  3.04957994e+08  5.17855919e-01  3.03254225e-03
 6.36683223e+08  1.41431422e+05  3.04124148e+08  5.17870283e-01  3.02800593e-03
 6.37653040e+08  1.39424747e+05  3.03139560e+08  5.17898171e-01  3.02272191e-03
 6.38622856e+08  1.36978763e+05  3.01918651e+08  5.17957408e-01  3.01632682e-03
 6.39592673e+08  1.35671082e+05  3.01261538e+08  5.18003688e-01  3.01295490e-03
 6.40562489e+08  1.34343133e+05  3.00591111e+08  5.18053352e-01  3.00953846e-03
 6.41532306e+08  1.32937320e+05  2.99869539e+08  5.18116013e-01  3.00595093e-03
 6.42502122e+08  1.31531507e+05  2.99147966e+08  5.18178674e-01  3.00236340e-03
 6.43471939e+08  1.29987869e+05  2.98346438e+08  5.18248367e-01  2.99843090e-03
 6.44441756e+08  1.28073008e+05  2.97329555e+08  5.18336999e-01  2.99356924e-03
 6.45411572e+08  1.26150168e+05  2.96305875e+08  5.18425949e-01  2.98869323e-03
 6.46381389e+08  1.24158451e+05  2.95223521e+08  5.18517644e-01  2.98369333e-03
 6.47351205e+08  1.22582476e+05  2.94360407e+08  5.18591932e-01  2.97978139e-03
 6.48321022e+08  1.21213775e+05  2.93606595e+08  5.18657541e-01  2.97641187e-03
 6.49290839e+08  1.19947931e+05  2.92899213e+08  5.18723702e-01  2.97335902e-03
 6.50260655e+08  1.18712490e+05  2.92205555e+08  5.18790027e-01  2.97039977e-03
 6.51230472e+08  1.17477050e+05  2.91511897e+08  5.18856351e-01  2.96744053e-03
 6.52200288e+08  1.15891789e+05  2.90595900e+08  5.18952018e-01  2.96372665e-03
 6.53170105e+08  1.14179301e+05  2.89599038e+08  5.19058355e-01  2.95973832e-03
 6.54139921e+08  1.12286173e+05  2.88483244e+08  5.19175474e-01  2.95538646e-03
 6.55109738e+08  1.10380408e+05  2.87343034e+08  5.19296836e-01  2.95112487e-03
 6.56079555e+08  1.09204072e+05  2.86633327e+08  5.19385444e-01  2.94868904e-03
 6.57049371e+08  1.08057382e+05  2.85935659e+08  5.19474090e-01  2.94632145e-03
 6.58019188e+08  1.06945312e+05  2.85252051e+08  5.19562778e-01  2.94403354e-03
 6.58989004e+08  1.05833243e+05  2.84568442e+08  5.19651466e-01  2.94174564e-03
 6.59958821e+08  1.04612438e+05  2.83803396e+08  5.19760400e-01  2.93938678e-03
 6.60928637e+08  1.03286323e+05  2.82959477e+08  5.19888943e-01  2.93695919e-03
 6.61898454e+08  1.01960208e+05  2.82115559e+08  5.20017485e-01  2.93453160e-03
 6.62868271e+08  1.00333514e+05  2.81058458e+08  5.20181718e-01  2.93175494e-03
 6.63838087e+08  9.83595342e+04  2.79755049e+08  5.20387185e-01  2.92857498e-03
 6.64807904e+08  9.68851592e+04  2.78767821e+08  5.20538698e-01  2.92658051e-03
 6.65777720e+08  9.58183827e+04  2.78047541e+08  5.20651961e-01  2.92527599e-03
 6.66747537e+08  9.48680076e+04  2.77403647e+08  5.20754398e-01  2.92416382e-03
 6.67717353e+08  9.35399605e+04  2.76487122e+08  5.20910074e-01  2.92292593e-03
 6.68687170e+08  9.19352601e+04  2.75364774e+08  5.21115793e-01  2.92178180e-03
 6.69656987e+08  9.09491894e+04  2.74668821e+08  5.21270742e-01  2.92145680e-03
 6.70626803e+08  8.99230496e+04  2.73938992e+08  5.21449441e-01  2.92130183e-03
 6.71596620e+08  8.88070106e+04  2.73133158e+08  5.21681429e-01  2.92152833e-03
 6.72566436e+08  8.76711239e+04  2.72309764e+08  5.21930432e-01  2.92189111e-03
 6.73536253e+08  8.64078183e+04  2.71373633e+08  5.22288676e-01  2.92312881e-03
 6.74506069e+08  8.50567857e+04  2.70364867e+08  5.22703633e-01  2.92474477e-03
 6.75475886e+08  8.36695308e+04  2.69312644e+08  5.23207641e-01  2.92713959e-03
 6.76445703e+08  8.28011801e+04  2.68648891e+08  5.23576834e-01  2.92920050e-03
 6.77415519e+08  8.18554014e+04  2.67918910e+08  5.24008893e-01  2.93175863e-03
 6.78385336e+08  8.07729512e+04  2.67072030e+08  5.24551921e-01  2.93519439e-03
 6.79355152e+08  7.97011361e+04  2.66225288e+08  5.25138226e-01  2.93908137e-03
 6.80324969e+08  7.86429464e+04  2.65378725e+08  5.25779974e-01  2.94354645e-03
 6.81294786e+08  7.74358085e+04  2.64400181e+08  5.26576758e-01  2.94926695e-03
 6.82264602e+08  7.62143590e+04  2.63397096e+08  5.27463039e-01  2.95580737e-03
 6.83234419e+08  7.54171186e+04  2.62736444e+08  5.28118171e-01  2.96074456e-03
 6.84204235e+08  7.45964251e+04  2.62054507e+08  5.28801046e-01  2.96589332e-03
 6.85174052e+08  7.34533813e+04  2.61080008e+08  5.29865235e-01  2.97394990e-03
 6.86143868e+08  7.22217459e+04  2.60021342e+08  5.31068504e-01  2.98335570e-03
 6.87113685e+08  7.11096290e+04  2.59051504e+08  5.32255458e-01  2.99287695e-03
 6.88083502e+08  7.04168274e+04  2.58444047e+08  5.33033517e-01  2.99882994e-03
 6.89053318e+08  6.95902067e+04  2.57711491e+08  5.33982967e-01  3.00623422e-03
 6.90023135e+08  6.83156881e+04  2.56560223e+08  5.35506068e-01  3.01849600e-03
 6.90992951e+08  6.76002887e+04  2.55907733e+08  5.36402048e-01  3.02599280e-03
 6.91962768e+08  6.69240866e+04  2.55290210e+08  5.37254064e-01  3.03315555e-03
 6.92932584e+08  6.62017935e+04  2.54626502e+08  5.38171858e-01  3.04093436e-03
 6.93902401e+08  6.50675754e+04  2.53550026e+08  5.39677523e-01  3.05421901e-03
 6.94872218e+08  6.39642184e+04  2.52498357e+08  5.41152927e-01  3.06739798e-03
 6.95842034e+08  6.29707149e+04  2.51534989e+08  5.42520614e-01  3.08020080e-03
 6.96811851e+08  6.20162319e+04  2.50597794e+08  5.43858911e-01  3.09317170e-03
 6.97781667e+08  6.11507675e+04  2.49738820e+08  5.45088967e-01  3.10550952e-03
 6.98751484e+08  6.03839008e+04  2.48970821e+08  5.46189482e-01  3.11690800e-03
 6.99721300e+08  5.96732290e+04  2.48248397e+08  5.47245482e-01  3.12827513e-03
 7.00691117e+08  5.89748133e+04  2.47535914e+08  5.48291774e-01  3.13963543e-03
 7.01660934e+08  5.81239109e+04  2.46652609e+08  5.49597801e-01  3.15422501e-03
 7.02630750e+08  5.70842323e+04  2.45557830e+08  5.51225378e-01  3.17281238e-03
 7.03600567e+08  5.62219678e+04  2.44635777e+08  5.52642534e-01  3.18945246e-03
 7.04570383e+08  5.55344142e+04  2.43895024e+08  5.53826892e-01  3.20338751e-03
 7.05540200e+08  5.49718850e+04  2.43284799e+08  5.54842857e-01  3.21533138e-03
 7.06510017e+08  5.44093559e+04  2.42674575e+08  5.55858822e-01  3.22727525e-03
 7.07479833e+08  5.36214088e+04  2.41795951e+08  5.57418490e-01  3.24504821e-03
 7.08449650e+08  5.26143911e+04  2.40656485e+08  5.59506552e-01  3.26848613e-03
 7.09419466e+08  5.16227771e+04  2.39518890e+08  5.61779270e-01  3.29260221e-03
 7.10389283e+08  5.07885978e+04  2.38549866e+08  5.63895774e-01  3.31366174e-03
 7.11359099e+08  5.01543142e+04  2.37806053e+08  5.65678279e-01  3.33006347e-03
 7.12328916e+08  4.96407983e+04  2.37199498e+08  5.67258478e-01  3.34354333e-03
 7.13298733e+08  4.91272825e+04  2.36592942e+08  5.68838676e-01  3.35702319e-03
 7.14268549e+08  4.81333215e+04  2.35380223e+08  5.72287085e-01  3.38345714e-03
 7.15238366e+08  4.73577631e+04  2.34426328e+08  5.75176558e-01  3.40397117e-03
 7.16208182e+08  4.68290957e+04  2.33772871e+08  5.77297899e-01  3.41780774e-03
 7.17177999e+08  4.61764132e+04  2.32952741e+08  5.80083826e-01  3.43463714e-03
 7.18147815e+08  4.53985856e+04  2.31964421e+08  5.83540396e-01  3.45448664e-03
 7.19117632e+08  4.48344639e+04  2.31237628e+08  5.86273711e-01  3.46813696e-03
 7.20087449e+08  4.42916381e+04  2.30536896e+08  5.88934952e-01  3.48116952e-03
 7.21057265e+08  4.36066813e+04  2.29635191e+08  5.92472886e-01  3.49696379e-03
 7.22027082e+08  4.27877954e+04  2.28544111e+08  5.96836919e-01  3.51536040e-03
 7.22996898e+08  4.21918171e+04  2.27737227e+08  6.00216363e-01  3.52760499e-03
 7.23966715e+08  4.15889411e+04  2.26915348e+08  6.03688432e-01  3.53964605e-03
 7.24936531e+08  4.09641461e+04  2.26051224e+08  6.07400637e-01  3.55138385e-03
 7.25906348e+08  4.02500178e+04  2.25048458e+08  6.11739684e-01  3.56395760e-03
 7.26876165e+08  3.97140338e+04  2.24288433e+08  6.15043569e-01  3.57262759e-03
 7.27845981e+08  3.93039318e+04  2.23704254e+08  6.17588475e-01  3.57882539e-03
 7.28815798e+08  3.88938297e+04  2.23120074e+08  6.20133382e-01  3.58502319e-03
 7.29785614e+08  3.79904446e+04  2.21782702e+08  6.25810926e-01  3.59714865e-03
 7.30755431e+08  3.74605143e+04  2.20993267e+08  6.29101506e-01  3.60351034e-03
 7.31725247e+08  3.70419007e+04  2.20367252e+08  6.31680664e-01  3.60815945e-03
 7.32695064e+08  3.65684927e+04  2.19649139e+08  6.34561205e-01  3.61304373e-03
 7.33664881e+08  3.59937139e+04  2.18760644e+08  6.37999313e-01  3.61836310e-03
 7.34634697e+08  3.53724892e+04  2.17793505e+08  6.41673247e-01  3.62384528e-03
 7.35604514e+08  3.46053825e+04  2.16571800e+08  6.46024821e-01  3.62948870e-03
 7.36574330e+08  3.41527887e+04  2.15844591e+08  6.48461781e-01  3.63226595e-03
 7.37544147e+08  3.34702814e+04  2.14728631e+08  6.51985252e-01  3.63590834e-03
 7.38513964e+08  3.29610501e+04  2.13885340e+08  6.54451023e-01  3.63811161e-03
 7.39483780e+08  3.24157884e+04  2.12970135e+08  6.56924037e-01  3.64003427e-03
 7.40453597e+08  3.18926720e+04  2.12080265e+08  6.59144515e-01  3.64145780e-03
 7.41423413e+08  3.14174483e+04  2.11261435e+08  6.61014850e-01  3.64238705e-03
 7.42393230e+08  3.09442356e+04  2.10435892e+08  6.62732279e-01  3.64298249e-03
 7.43363046e+08  3.05364450e+04  2.09716387e+08  6.64113387e-01  3.64322554e-03
 7.44332863e+08  3.00248538e+04  2.08802216e+08  6.65732012e-01  3.64322286e-03
 7.45302680e+08  2.95690376e+04  2.07976964e+08  6.67032000e-01  3.64288172e-03
 7.46272496e+08  2.91210036e+04  2.07155787e+08  6.68225827e-01  3.64226082e-03
 7.47242313e+08  2.86397206e+04  2.06262225e+08  6.69405446e-01  3.64127845e-03
 7.48212129e+08  2.82379688e+04  2.05507290e+08  6.70297057e-01  3.64018754e-03
 7.49181946e+08  2.78085426e+04  2.04690784e+08  6.71205897e-01  3.63876646e-03
 7.50151762e+08  2.74021840e+04  2.03908977e+08  6.71990195e-01  3.63715438e-03
 7.51121579e+08  2.69664037e+04  2.03060033e+08  6.72767261e-01  3.63514539e-03
 7.52091396e+08  2.65294983e+04  2.02197790e+08  6.73476293e-01  3.63280099e-03
 7.53061212e+08  2.61140846e+04  2.01367931e+08  6.74099300e-01  3.63026809e-03
 7.54031029e+08  2.57264091e+04  2.00584027e+08  6.74618053e-01  3.62760030e-03
 7.55000845e+08  2.53061352e+04  1.99723724e+08  6.75123829e-01  3.62438146e-03
 7.55970662e+08  2.49535996e+04  1.98993772e+08  6.75491208e-01  3.62137135e-03
 7.56940478e+08  2.45385785e+04  1.98123794e+08  6.75877265e-01  3.61748763e-03
 7.57910295e+08  2.41287907e+04  1.97253575e+08  6.76185529e-01  3.61323793e-03
 7.58880112e+08  2.37613747e+04  1.96463905e+08  6.76425690e-01  3.60906568e-03
 7.59849928e+08  2.33991954e+04  1.95676457e+08  6.76608842e-01  3.60459966e-03
 7.60819745e+08  2.30179800e+04  1.94837270e+08  6.76762493e-01  3.59949863e-03
 7.61789561e+08  2.26645881e+04  1.94050274e+08  6.76875031e-01  3.59441164e-03
 7.62759378e+08  2.23014070e+04  1.93231485e+08  6.76957262e-01  3.58880172e-03
 7.63729195e+08  2.19257882e+04  1.92374108e+08  6.77026023e-01  3.58259722e-03
 7.64699011e+08  2.15700260e+04  1.91552056e+08  6.77086772e-01  3.57635181e-03
 7.65668828e+08  2.12291270e+04  1.90754810e+08  6.77122969e-01  3.56998844e-03
 7.66638644e+08  2.08904869e+04  1.89953548e+08  6.77188177e-01  3.56336801e-03
 7.67608461e+08  2.06111428e+04  1.89285893e+08  6.77232719e-01  3.55762863e-03
 7.68578277e+08  2.02326672e+04  1.88369013e+08  6.77322693e-01  3.54952167e-03
 7.69548094e+08  1.99510963e+04  1.87680016e+08  6.77403998e-01  3.54321169e-03
 7.70517911e+08  1.96170717e+04  1.86851876e+08  6.77527523e-01  3.53540851e-03
 7.71487727e+08  1.92533375e+04  1.85938253e+08  6.77701138e-01  3.52654953e-03
 7.72457544e+08  1.89978122e+04  1.85289622e+08  6.77840966e-01  3.51999005e-03
 7.73427360e+08  1.86755167e+04  1.84461545e+08  6.78044972e-01  3.51140094e-03
 7.74397177e+08  1.83826689e+04  1.83700833e+08  6.78248744e-01  3.50318051e-03
 7.75366993e+08  1.80637231e+04  1.82860671e+08  6.78490622e-01  3.49356222e-03
 7.76336810e+08  1.77522420e+04  1.82030850e+08  6.78745620e-01  3.48348380e-03
#Mass: 0.932404476736 Msun carved out from a 1.80191266987,from an initial 5.0