# Radius dens temp c12 ne22
800
 1.57627190e+06  9.46312580e+06  1.39451210e+08  2.74499110e-01  3.65963390e-03
 2.67549349e+06  9.46265269e+06  1.39453016e+08  2.74499110e-01  3.65963393e-03
 3.77471507e+06  9.46200945e+06  1.39455466e+08  2.74499110e-01  3.65963400e-03
 4.87393666e+06  9.46115232e+06  1.39458736e+08  2.74499110e-01  3.65963409e-03
 5.97315825e+06  9.46005854e+06  1.39462914e+08  2.74499110e-01  3.65963410e-03
 7.07237984e+06  9.45873415e+06  1.39467980e+08  2.74499110e-01  3.65963415e-03
 8.17160142e+06  9.45724609e+06  1.39473676e+08  2.74499110e-01  3.65963422e-03
 9.27082301e+06  9.45546697e+06  1.39480497e+08  2.74499110e-01  3.65963433e-03
 1.03700446e+07  9.45353716e+06  1.39487905e+08  2.74499110e-01  3.65963444e-03
 1.14692662e+07  9.45129674e+06  1.39496521e+08  2.74499110e-01  3.65963457e-03
 1.25684878e+07  9.44905632e+06  1.39505137e+08  2.74499110e-01  3.65963469e-03
 1.36677094e+07  9.44608867e+06  1.39516613e+08  2.74499110e-01  3.65963487e-03
 1.47669309e+07  9.44308905e+06  1.39528214e+08  2.74499110e-01  3.65963504e-03
 1.58661525e+07  9.43945006e+06  1.39542361e+08  2.74499110e-01  3.65963525e-03
 1.69653741e+07  9.43547633e+06  1.39557841e+08  2.74499110e-01  3.65963549e-03
 1.80645957e+07  9.43195675e+06  1.39571635e+08  2.74499110e-01  3.65963572e-03
 1.91638173e+07  9.42846648e+06  1.39585321e+08  2.74499110e-01  3.65963595e-03
 2.02630389e+07  9.42473697e+06  1.39600007e+08  2.74499109e-01  3.65963618e-03
 2.13622605e+07  9.42052647e+06  1.39616708e+08  2.74499106e-01  3.65963642e-03
 2.24614821e+07  9.41631597e+06  1.39633408e+08  2.74499104e-01  3.65963667e-03
 2.35607036e+07  9.41210547e+06  1.39650108e+08  2.74499101e-01  3.65963691e-03
 2.46599252e+07  9.40728525e+06  1.39669499e+08  2.74499100e-01  3.65963722e-03
 2.57591468e+07  9.40211127e+06  1.39690452e+08  2.74499100e-01  3.65963756e-03
 2.68583684e+07  9.39693728e+06  1.39711404e+08  2.74499100e-01  3.65963790e-03
 2.79575900e+07  9.39176330e+06  1.39732356e+08  2.74499100e-01  3.65963824e-03
 2.90568116e+07  9.38658932e+06  1.39753309e+08  2.74499100e-01  3.65963858e-03
 3.01560332e+07  9.38062526e+06  1.39778015e+08  2.74499100e-01  3.65963898e-03
 3.12552548e+07  9.37420672e+06  1.39804881e+08  2.74499100e-01  3.65963942e-03
 3.23544763e+07  9.36778819e+06  1.39831746e+08  2.74499100e-01  3.65963987e-03
 3.34536979e+07  9.36136965e+06  1.39858612e+08  2.74499100e-01  3.65964031e-03
 3.45529195e+07  9.35495112e+06  1.39885477e+08  2.74499100e-01  3.65964075e-03
 3.56521411e+07  9.34853258e+06  1.39912343e+08  2.74499100e-01  3.65964119e-03
 3.67513627e+07  9.34198430e+06  1.39939864e+08  2.74499100e-01  3.65964173e-03
 3.78505843e+07  9.33399462e+06  1.39974662e+08  2.74499099e-01  3.65964329e-03
 3.89498059e+07  9.32600494e+06  1.40009460e+08  2.74499098e-01  3.65964485e-03
 4.00490274e+07  9.31801527e+06  1.40044258e+08  2.74499096e-01  3.65964641e-03
 4.11482490e+07  9.31002559e+06  1.40079057e+08  2.74499095e-01  3.65964798e-03
 4.22474706e+07  9.30203591e+06  1.40113855e+08  2.74499094e-01  3.65964954e-03
 4.33466922e+07  9.29404624e+06  1.40148653e+08  2.74499093e-01  3.65965110e-03
 4.44459138e+07  9.28605656e+06  1.40183451e+08  2.74499092e-01  3.65965266e-03
 4.55451354e+07  9.27806688e+06  1.40218249e+08  2.74499090e-01  3.65965422e-03
 4.66443570e+07  9.26794546e+06  1.40262329e+08  2.74499089e-01  3.65965486e-03
 4.77435786e+07  9.25656971e+06  1.40311869e+08  2.74499088e-01  3.65965494e-03
 4.88428001e+07  9.24519396e+06  1.40361410e+08  2.74499086e-01  3.65965503e-03
 4.99420217e+07  9.23381821e+06  1.40410950e+08  2.74499085e-01  3.65965512e-03
 5.10412433e+07  9.22244246e+06  1.40460491e+08  2.74499083e-01  3.65965521e-03
 5.21404649e+07  9.21106671e+06  1.40510031e+08  2.74499082e-01  3.65965530e-03
 5.32396865e+07  9.19969096e+06  1.40559571e+08  2.74499080e-01  3.65965539e-03
 5.43389081e+07  9.18884560e+06  1.40604844e+08  2.74499080e-01  3.65965564e-03
 5.54381297e+07  9.17807220e+06  1.40649538e+08  2.74499080e-01  3.65965591e-03
 5.65373513e+07  9.16729880e+06  1.40694232e+08  2.74499080e-01  3.65965618e-03
 5.76365728e+07  9.15652541e+06  1.40738925e+08  2.74499080e-01  3.65965645e-03
 5.87357944e+07  9.14575201e+06  1.40783619e+08  2.74499080e-01  3.65965672e-03
 5.98350160e+07  9.13497862e+06  1.40828313e+08  2.74499080e-01  3.65965699e-03
 6.09342376e+07  9.12420522e+06  1.40873007e+08  2.74499080e-01  3.65965726e-03
 6.20334592e+07  9.11343182e+06  1.40917700e+08  2.74499080e-01  3.65965753e-03
 6.31326808e+07  9.10265843e+06  1.40962394e+08  2.74499080e-01  3.65965780e-03
 6.42319024e+07  9.09188503e+06  1.41007088e+08  2.74499080e-01  3.65965807e-03
 6.53311240e+07  9.07802723e+06  1.41070700e+08  2.74499079e-01  3.65965932e-03
 6.64303455e+07  9.06377633e+06  1.41136722e+08  2.74499078e-01  3.65966070e-03
 6.75295671e+07  9.04952543e+06  1.41202745e+08  2.74499077e-01  3.65966207e-03
 6.86287887e+07  9.03527452e+06  1.41268768e+08  2.74499076e-01  3.65966345e-03
 6.97280103e+07  9.02102362e+06  1.41334791e+08  2.74499075e-01  3.65966483e-03
 7.08272319e+07  9.00677272e+06  1.41400814e+08  2.74499074e-01  3.65966620e-03
 7.19264535e+07  8.99252182e+06  1.41466836e+08  2.74499073e-01  3.65966758e-03
 7.30256751e+07  8.97827092e+06  1.41532859e+08  2.74499072e-01  3.65966895e-03
 7.41248966e+07  8.96402002e+06  1.41598882e+08  2.74499071e-01  3.65967033e-03
 7.52241182e+07  8.94976912e+06  1.41664905e+08  2.74499070e-01  3.65967171e-03
 7.63233398e+07  8.93466713e+06  1.41737017e+08  2.74499069e-01  3.65967327e-03
 7.74225614e+07  8.91933496e+06  1.41810776e+08  2.74499067e-01  3.65967489e-03
 7.85217830e+07  8.90400280e+06  1.41884535e+08  2.74499066e-01  3.65967651e-03
 7.96210046e+07  8.88867063e+06  1.41958295e+08  2.74499064e-01  3.65967813e-03
 8.07202262e+07  8.87333846e+06  1.42032054e+08  2.74499062e-01  3.65967975e-03
 8.18194478e+07  8.85800629e+06  1.42105813e+08  2.74499061e-01  3.65968137e-03
 8.29186693e+07  8.84267412e+06  1.42179573e+08  2.74499059e-01  3.65968299e-03
 8.40178909e+07  8.82734195e+06  1.42253332e+08  2.74499058e-01  3.65968461e-03
 8.51171125e+07  8.81200978e+06  1.42327091e+08  2.74499056e-01  3.65968623e-03
 8.62163341e+07  8.79667761e+06  1.42400850e+08  2.74499054e-01  3.65968785e-03
 8.73155557e+07  8.78134545e+06  1.42474610e+08  2.74499053e-01  3.65968947e-03
 8.84147773e+07  8.76601328e+06  1.42548369e+08  2.74499051e-01  3.65969109e-03
 8.95139989e+07  8.74991764e+06  1.42623501e+08  2.74499049e-01  3.65969277e-03
 9.06132205e+07  8.73216532e+06  1.42701612e+08  2.74499047e-01  3.65969459e-03
 9.17124420e+07  8.71441299e+06  1.42779723e+08  2.74499045e-01  3.65969640e-03
 9.28116636e+07  8.69666066e+06  1.42857834e+08  2.74499043e-01  3.65969822e-03
 9.39108852e+07  8.67890833e+06  1.42935944e+08  2.74499041e-01  3.65970003e-03
 9.50101068e+07  8.66115600e+06  1.43014055e+08  2.74499039e-01  3.65970185e-03
 9.61093284e+07  8.64340367e+06  1.43092166e+08  2.74499037e-01  3.65970366e-03
 9.72085500e+07  8.62565134e+06  1.43170277e+08  2.74499035e-01  3.65970548e-03
 9.83077716e+07  8.60789902e+06  1.43248388e+08  2.74499033e-01  3.65970729e-03
 9.94069932e+07  8.59014669e+06  1.43326499e+08  2.74499031e-01  3.65970911e-03
 1.00506215e+08  8.57239436e+06  1.43404610e+08  2.74499029e-01  3.65971092e-03
 1.01605436e+08  8.55464203e+06  1.43482721e+08  2.74499027e-01  3.65971274e-03
 1.02704658e+08  8.53688970e+06  1.43560831e+08  2.74499025e-01  3.65971455e-03
 1.03803880e+08  8.51913737e+06  1.43638942e+08  2.74499023e-01  3.65971637e-03
 1.04903101e+08  8.50138504e+06  1.43717053e+08  2.74499021e-01  3.65971818e-03
 1.06002323e+08  8.47473859e+06  1.43856986e+08  2.74499017e-01  3.65972184e-03
 1.07101544e+08  8.43669875e+06  1.44076112e+08  2.74499009e-01  3.65972785e-03
 1.08200766e+08  8.39865890e+06  1.44295238e+08  2.74499001e-01  3.65973386e-03
 1.09299987e+08  8.36061905e+06  1.44514365e+08  2.74498993e-01  3.65973988e-03
 1.10399209e+08  8.32257920e+06  1.44733491e+08  2.74498985e-01  3.65974589e-03
 1.11498431e+08  8.29035783e+06  1.44918823e+08  2.74498979e-01  3.65975088e-03
 1.12597652e+08  8.26821209e+06  1.45045634e+08  2.74498975e-01  3.65975412e-03
 1.13696874e+08  8.24606634e+06  1.45172446e+08  2.74498971e-01  3.65975735e-03
 1.14796095e+08  8.22392060e+06  1.45299257e+08  2.74498967e-01  3.65976058e-03
 1.15895317e+08  8.20177485e+06  1.45426068e+08  2.74498963e-01  3.65976382e-03
 1.16994539e+08  8.18043974e+06  1.45547710e+08  2.74498959e-01  3.65976672e-03
 1.18093760e+08  8.16057131e+06  1.45659998e+08  2.74498958e-01  3.65976901e-03
 1.19192982e+08  8.14070289e+06  1.45772286e+08  2.74498957e-01  3.65977131e-03
 1.20292203e+08  8.12083446e+06  1.45884574e+08  2.74498955e-01  3.65977361e-03
 1.21391425e+08  8.10096603e+06  1.45996862e+08  2.74498954e-01  3.65977590e-03
 1.22490646e+08  8.08109761e+06  1.46109150e+08  2.74498952e-01  3.65977820e-03
 1.23589868e+08  8.06122918e+06  1.46221438e+08  2.74498951e-01  3.65978050e-03
 1.24689090e+08  8.04091428e+06  1.46338382e+08  2.74498948e-01  3.65978310e-03
 1.25788311e+08  8.01990038e+06  1.46462616e+08  2.74498944e-01  3.65978617e-03
 1.26887533e+08  7.99888647e+06  1.46586850e+08  2.74498940e-01  3.65978924e-03
 1.27986754e+08  7.97787256e+06  1.46711084e+08  2.74498936e-01  3.65979231e-03
 1.29085976e+08  7.95685865e+06  1.46835317e+08  2.74498931e-01  3.65979538e-03
 1.30185198e+08  7.93584474e+06  1.46959551e+08  2.74498927e-01  3.65979845e-03
 1.31284419e+08  7.91483083e+06  1.47083785e+08  2.74498923e-01  3.65980152e-03
 1.32383641e+08  7.89381693e+06  1.47208019e+08  2.74498918e-01  3.65980459e-03
 1.33482862e+08  7.87280302e+06  1.47332253e+08  2.74498914e-01  3.65980766e-03
 1.34582084e+08  7.85163289e+06  1.47458595e+08  2.74498910e-01  3.65981081e-03
 1.35681306e+08  7.81681994e+06  1.47769117e+08  2.74498900e-01  3.65982017e-03
 1.36780527e+08  7.78200698e+06  1.48079638e+08  2.74498890e-01  3.65982953e-03
 1.37879749e+08  7.74719402e+06  1.48390159e+08  2.74498880e-01  3.65983889e-03
 1.38978970e+08  7.71238106e+06  1.48700680e+08  2.74498870e-01  3.65984825e-03
 1.40078192e+08  7.67805529e+06  1.48996138e+08  2.74498860e-01  3.65985724e-03
 1.41177413e+08  7.65211424e+06  1.49032346e+08  2.74498855e-01  3.65985977e-03
 1.42276635e+08  7.62617319e+06  1.49068553e+08  2.74498851e-01  3.65986229e-03
 1.43375857e+08  7.60023213e+06  1.49104761e+08  2.74498847e-01  3.65986482e-03
 1.44475078e+08  7.57429108e+06  1.49140969e+08  2.74498843e-01  3.65986735e-03
 1.45574300e+08  7.54859147e+06  1.49265470e+08  2.74498839e-01  3.65986989e-03
 1.46673521e+08  7.52327634e+06  1.49530578e+08  2.74498837e-01  3.65987245e-03
 1.47772743e+08  7.49796122e+06  1.49795687e+08  2.74498835e-01  3.65987502e-03
 1.48871965e+08  7.47264610e+06  1.50060795e+08  2.74498833e-01  3.65987758e-03
 1.49971186e+08  7.44733098e+06  1.50325904e+08  2.74498831e-01  3.65988015e-03
 1.51070408e+08  7.42203071e+06  1.50576010e+08  2.74498824e-01  3.65988576e-03
 1.52169629e+08  7.39674454e+06  1.50811859e+08  2.74498813e-01  3.65989428e-03
 1.53268851e+08  7.37145838e+06  1.51047708e+08  2.74498801e-01  3.65990279e-03
 1.54368073e+08  7.34617221e+06  1.51283557e+08  2.74498790e-01  3.65991130e-03
 1.55467294e+08  7.32088605e+06  1.51519407e+08  2.74498779e-01  3.65991981e-03
 1.56566516e+08  7.29513705e+06  1.51727577e+08  2.74498768e-01  3.65992798e-03
 1.57665737e+08  7.26790498e+06  1.51847054e+08  2.74498758e-01  3.65993506e-03
 1.58764959e+08  7.24067291e+06  1.51966531e+08  2.74498748e-01  3.65994214e-03
 1.59864180e+08  7.21344083e+06  1.52086007e+08  2.74498738e-01  3.65994922e-03
 1.60963402e+08  7.18620876e+06  1.52205484e+08  2.74498728e-01  3.65995630e-03
 1.62062624e+08  7.15947427e+06  1.52353946e+08  2.74498719e-01  3.65996277e-03
 1.63161845e+08  7.13433693e+06  1.52595444e+08  2.74498714e-01  3.65996726e-03
 1.64261067e+08  7.10919959e+06  1.52836941e+08  2.74498709e-01  3.65997176e-03
 1.65360288e+08  7.08406225e+06  1.53078439e+08  2.74498703e-01  3.65997626e-03
 1.66459510e+08  7.05892491e+06  1.53319936e+08  2.74498698e-01  3.65998075e-03
 1.67558732e+08  7.03378757e+06  1.53561434e+08  2.74498693e-01  3.65998525e-03
 1.68657953e+08  7.00751732e+06  1.53810775e+08  2.74498686e-01  3.65999136e-03
 1.69757175e+08  6.97946602e+06  1.54072449e+08  2.74498675e-01  3.66000000e-03
 1.70856396e+08  6.95141473e+06  1.54334122e+08  2.74498664e-01  3.66000863e-03
 1.71955618e+08  6.92336343e+06  1.54595796e+08  2.74498653e-01  3.66001727e-03
 1.73054839e+08  6.89531213e+06  1.54857470e+08  2.74498642e-01  3.66002591e-03
 1.74154061e+08  6.86726084e+06  1.55119143e+08  2.74498632e-01  3.66003455e-03
 1.75253283e+08  6.83804291e+06  1.55406767e+08  2.74498614e-01  3.66004751e-03
 1.76352504e+08  6.80862698e+06  1.55698796e+08  2.74498596e-01  3.66006122e-03
 1.77451726e+08  6.77921105e+06  1.55990825e+08  2.74498577e-01  3.66007492e-03
 1.78550947e+08  6.74979513e+06  1.56282853e+08  2.74498559e-01  3.66008862e-03
 1.79650169e+08  6.72037920e+06  1.56574882e+08  2.74498540e-01  3.66010232e-03
 1.80749391e+08  6.68747840e+06  1.56964527e+08  2.74498529e-01  3.66011005e-03
 1.81848612e+08  6.65455819e+06  1.57354716e+08  2.74498517e-01  3.66011775e-03
 1.82947834e+08  6.62163797e+06  1.57744905e+08  2.74498506e-01  3.66012545e-03
 1.84047055e+08  6.59095733e+06  1.58023613e+08  2.74498493e-01  3.66013447e-03
 1.85146277e+08  6.56276745e+06  1.58178336e+08  2.74498479e-01  3.66014498e-03
 1.86245499e+08  6.53457757e+06  1.58333059e+08  2.74498464e-01  3.66015548e-03
 1.87344720e+08  6.50663170e+06  1.58493922e+08  2.74498449e-01  3.66016603e-03
 1.88443942e+08  6.48376587e+06  1.58782623e+08  2.74498433e-01  3.66017769e-03
 1.89543163e+08  6.46090003e+06  1.59071324e+08  2.74498417e-01  3.66018934e-03
 1.90642385e+08  6.43803420e+06  1.59360025e+08  2.74498401e-01  3.66020099e-03
 1.91741606e+08  6.41516837e+06  1.59648726e+08  2.74498385e-01  3.66021264e-03
 1.92840828e+08  6.39230254e+06  1.59937428e+08  2.74498368e-01  3.66022429e-03
 1.93940050e+08  6.36354557e+06  1.60298856e+08  2.74498344e-01  3.66024114e-03
 1.95039271e+08  6.32851385e+06  1.60737749e+08  2.74498312e-01  3.66026353e-03
 1.96138493e+08  6.29348213e+06  1.61176641e+08  2.74498279e-01  3.66028592e-03
 1.97237714e+08  6.25845040e+06  1.61615533e+08  2.74498247e-01  3.66030831e-03
 1.98336936e+08  6.22658714e+06  1.62056796e+08  2.74498232e-01  3.66031848e-03
 1.99436158e+08  6.19554174e+06  1.62498671e+08  2.74498222e-01  3.66032550e-03
 2.00535379e+08  6.16449634e+06  1.62940546e+08  2.74498213e-01  3.66033253e-03
 2.01634601e+08  6.13539778e+06  1.63215719e+08  2.74498203e-01  3.66033921e-03
 2.02733822e+08  6.10700805e+06  1.63430195e+08  2.74498193e-01  3.66034577e-03
 2.03833044e+08  6.07861833e+06  1.63644672e+08  2.74498183e-01  3.66035233e-03
 2.04932266e+08  6.04887377e+06  1.64166029e+08  2.74498136e-01  3.66038546e-03
 2.06031487e+08  6.01862740e+06  1.64801052e+08  2.74498075e-01  3.66042844e-03
 2.07130709e+08  5.98854382e+06  1.65391508e+08  2.74498018e-01  3.66046890e-03
 2.08229930e+08  5.96028531e+06  1.65482327e+08  2.74497999e-01  3.66048106e-03
 2.09329152e+08  5.93202679e+06  1.65573147e+08  2.74497980e-01  3.66049321e-03
 2.10428373e+08  5.90464789e+06  1.65886814e+08  2.74497961e-01  3.66050502e-03
 2.11527595e+08  5.87824171e+06  1.66446918e+08  2.74497941e-01  3.66051642e-03
 2.12626817e+08  5.85183552e+06  1.67007021e+08  2.74497921e-01  3.66052783e-03
 2.13726038e+08  5.82456163e+06  1.67459722e+08  2.74497897e-01  3.66054342e-03
 2.14825260e+08  5.79619119e+06  1.67776695e+08  2.74497867e-01  3.66056430e-03
 2.15924481e+08  5.76782075e+06  1.68093668e+08  2.74497836e-01  3.66058518e-03
 2.17023703e+08  5.74016989e+06  1.68468586e+08  2.74497801e-01  3.66060952e-03
 2.18122925e+08  5.71337063e+06  1.68912079e+08  2.74497759e-01  3.66063796e-03
 2.19222146e+08  5.68657136e+06  1.69355572e+08  2.74497716e-01  3.66066639e-03
 2.20321368e+08  5.65956223e+06  1.69792874e+08  2.74497675e-01  3.66069403e-03
 2.21420589e+08  5.63124421e+06  1.70191567e+08  2.74497638e-01  3.66071666e-03
 2.22519811e+08  5.60292619e+06  1.70590260e+08  2.74497601e-01  3.66073928e-03
 2.23619032e+08  5.57460817e+06  1.70988952e+08  2.74497565e-01  3.66076191e-03
 2.24718254e+08  5.54169251e+06  1.71755577e+08  2.74497538e-01  3.66077763e-03
 2.25817476e+08  5.50810463e+06  1.72575998e+08  2.74497512e-01  3.66079234e-03
 2.26916697e+08  5.47748962e+06  1.72986556e+08  2.74497475e-01  3.66081488e-03
 2.28015919e+08  5.44962067e+06  1.73018521e+08  2.74497428e-01  3.66084466e-03
 2.29115140e+08  5.42211094e+06  1.73180300e+08  2.74497377e-01  3.66087718e-03
 2.30214362e+08  5.39610704e+06  1.73886273e+08  2.74497308e-01  3.66092124e-03
 2.31313584e+08  5.37010314e+06  1.74592245e+08  2.74497238e-01  3.66096529e-03
 2.32412805e+08  5.34323160e+06  1.75157611e+08  2.74497177e-01  3.66100477e-03
 2.33512027e+08  5.31528141e+06  1.75548176e+08  2.74497125e-01  3.66103858e-03
 2.34611248e+08  5.28733122e+06  1.75938740e+08  2.74497074e-01  3.66107239e-03
 2.35710470e+08  5.26314084e+06  1.76379057e+08  2.74497034e-01  3.66109636e-03
 2.36809692e+08  5.24033615e+06  1.76837711e+08  2.74496999e-01  3.66111670e-03
 2.37908913e+08  5.21753146e+06  1.77296364e+08  2.74496964e-01  3.66113703e-03
 2.39008135e+08  5.19472677e+06  1.77755017e+08  2.74496929e-01  3.66115737e-03
 2.40107356e+08  5.16880394e+06  1.78283774e+08  2.74496872e-01  3.66119207e-03
 2.41206578e+08  5.13903382e+06  1.78899029e+08  2.74496789e-01  3.66124450e-03
 2.42305799e+08  5.10926370e+06  1.79514284e+08  2.74496705e-01  3.66129693e-03
 2.43405021e+08  5.07949358e+06  1.80129539e+08  2.74496621e-01  3.66134936e-03
 2.44504243e+08  5.05201660e+06  1.80718525e+08  2.74496556e-01  3.66138732e-03
 2.45603464e+08  5.02531402e+06  1.81298640e+08  2.74496498e-01  3.66142038e-03
 2.46702686e+08  4.99861143e+06  1.81878755e+08  2.74496439e-01  3.66145344e-03
 2.47801907e+08  4.97190885e+06  1.82458870e+08  2.74496381e-01  3.66148651e-03
 2.48901129e+08  4.93850585e+06  1.83229191e+08  2.74496302e-01  3.66153270e-03
 2.50000351e+08  4.90361946e+06  1.84041622e+08  2.74496218e-01  3.66158179e-03
 2.51099572e+08  4.87106434e+06  1.84751913e+08  2.74496138e-01  3.66162871e-03
 2.52198794e+08  4.84386642e+06  1.85227489e+08  2.74496066e-01  3.66167062e-03
 2.53298015e+08  4.81666850e+06  1.85703065e+08  2.74495994e-01  3.66171254e-03
 2.54397237e+08  4.79125360e+06  1.86292465e+08  2.74495920e-01  3.66175436e-03
 2.55496459e+08  4.76626339e+06  1.86908976e+08  2.74495846e-01  3.66179616e-03
 2.56595680e+08  4.74127319e+06  1.87525487e+08  2.74495771e-01  3.66183795e-03
 2.57694902e+08  4.71759646e+06  1.88127847e+08  2.74495677e-01  3.66188988e-03
 2.58794123e+08  4.69415051e+06  1.88727720e+08  2.74495580e-01  3.66194360e-03
 2.59893345e+08  4.67070455e+06  1.89327593e+08  2.74495483e-01  3.66199731e-03
 2.60992566e+08  4.64725860e+06  1.89927466e+08  2.74495385e-01  3.66205102e-03
 2.62091788e+08  4.61810956e+06  1.90702318e+08  2.74495263e-01  3.66211598e-03
 2.63191010e+08  4.58790622e+06  1.91509518e+08  2.74495137e-01  3.66218302e-03
 2.64290231e+08  4.55770287e+06  1.92316717e+08  2.74495010e-01  3.66225007e-03
 2.65389453e+08  4.52557485e+06  1.93349033e+08  2.74494884e-01  3.66231649e-03
 2.66488674e+08  4.49254240e+06  1.94487133e+08  2.74494757e-01  3.66238263e-03
 2.67587896e+08  4.46331127e+06  1.95142552e+08  2.74494635e-01  3.66244458e-03
 2.68687118e+08  4.43717269e+06  1.95405285e+08  2.74494517e-01  3.66250312e-03
 2.69786339e+08  4.41155029e+06  1.95959621e+08  2.74494395e-01  3.66256239e-03
 2.70885561e+08  4.38660322e+06  1.96895483e+08  2.74494269e-01  3.66262262e-03
 2.71984782e+08  4.36159721e+06  1.97816181e+08  2.74494142e-01  3.66268327e-03
 2.73084004e+08  4.33552481e+06  1.98462568e+08  2.74493995e-01  3.66275144e-03
 2.74183226e+08  4.30945241e+06  1.99108955e+08  2.74493847e-01  3.66281961e-03
 2.75282447e+08  4.28599598e+06  1.99798738e+08  2.74493702e-01  3.66288461e-03
 2.76381669e+08  4.26375197e+06  2.00508634e+08  2.74493557e-01  3.66294814e-03
 2.77480890e+08  4.24150795e+06  2.01218531e+08  2.74493413e-01  3.66301167e-03
 2.78580112e+08  4.21770859e+06  2.01998524e+08  2.74493254e-01  3.66307998e-03
 2.79679333e+08  4.19105348e+06  2.02907224e+08  2.74493068e-01  3.66315706e-03
 2.80778555e+08  4.16439836e+06  2.03815924e+08  2.74492881e-01  3.66323414e-03
 2.81877777e+08  4.13703567e+06  2.04751723e+08  2.74492679e-01  3.66331611e-03
 2.82976998e+08  4.10748290e+06  2.05771399e+08  2.74492428e-01  3.66341323e-03
 2.84076220e+08  4.07793013e+06  2.06791075e+08  2.74492178e-01  3.66351034e-03
 2.85175441e+08  4.05214381e+06  2.07599169e+08  2.74491904e-01  3.66360322e-03
 2.86274663e+08  4.02683169e+06  2.08380623e+08  2.74491627e-01  3.66369556e-03
 2.87373885e+08  4.00116668e+06  2.09283962e+08  2.74491334e-01  3.66379069e-03
 2.88473106e+08  3.97520153e+06  2.10290968e+08  2.74491027e-01  3.66388820e-03
 2.89572328e+08  3.94958164e+06  2.11205698e+08  2.74490691e-01  3.66399032e-03
 2.90671549e+08  3.92467478e+06  2.11929857e+08  2.74490297e-01  3.66410197e-03
 2.91770771e+08  3.89987095e+06  2.12683428e+08  2.74489894e-01  3.66421507e-03
 2.92869992e+08  3.87583493e+06  2.13656180e+08  2.74489421e-01  3.66433909e-03
 2.93969214e+08  3.85179890e+06  2.14628932e+08  2.74488948e-01  3.66446311e-03
 2.95068436e+08  3.82732343e+06  2.15526425e+08  2.74488338e-01  3.66459857e-03
 2.96167657e+08  3.80270159e+06  2.16398851e+08  2.74487682e-01  3.66473784e-03
 2.97266879e+08  3.77807869e+06  2.17315378e+08  2.74486941e-01  3.66488440e-03
 2.98366100e+08  3.75345412e+06  2.18301537e+08  2.74486066e-01  3.66504249e-03
 2.99465322e+08  3.72907706e+06  2.19280275e+08  2.74485187e-01  3.66519968e-03
 3.00564544e+08  3.70885550e+06  2.20134409e+08  2.74484250e-01  3.66534161e-03
 3.01663765e+08  3.68863394e+06  2.20988544e+08  2.74483312e-01  3.66548355e-03
 3.02762987e+08  3.66841238e+06  2.21842678e+08  2.74482374e-01  3.66562549e-03
 3.03862208e+08  3.64674841e+06  2.22764551e+08  2.74481126e-01  3.66578938e-03
 3.04961430e+08  3.62384088e+06  2.23744823e+08  2.74479610e-01  3.66597221e-03
 3.06060652e+08  3.60093335e+06  2.24725096e+08  2.74478093e-01  3.66615504e-03
 3.07159873e+08  3.57802581e+06  2.25705368e+08  2.74476577e-01  3.66633786e-03
 3.08259095e+08  3.55300804e+06  2.26804306e+08  2.74473432e-01  3.66655892e-03
 3.09358316e+08  3.52693013e+06  2.27962858e+08  2.74469469e-01  3.66679918e-03
 3.10457538e+08  3.50085222e+06  2.29121409e+08  2.74465507e-01  3.66703944e-03
 3.11556759e+08  3.47646018e+06  2.30229685e+08  2.74460972e-01  3.66727946e-03
 3.12655981e+08  3.45410172e+06  2.31277314e+08  2.74455747e-01  3.66751921e-03
 3.13755203e+08  3.43174327e+06  2.32324942e+08  2.74450522e-01  3.66775895e-03
 3.14854424e+08  3.40938481e+06  2.33372571e+08  2.74445298e-01  3.66799869e-03
 3.15953646e+08  3.37846838e+06  2.35062274e+08  2.74433168e-01  3.66838343e-03
 3.17052867e+08  3.34682743e+06  2.36806334e+08  2.74420453e-01  3.66878046e-03
 3.18152089e+08  3.32317474e+06  2.37521186e+08  2.74404445e-01  3.66910534e-03
 3.19251311e+08  3.30060101e+06  2.38097025e+08  2.74387992e-01  3.66942047e-03
 3.20350532e+08  3.27788777e+06  2.39299037e+08  2.74365086e-01  3.66975620e-03
 3.21449754e+08  3.25514808e+06  2.40619766e+08  2.74340956e-01  3.67009584e-03
 3.22548975e+08  3.23155142e+06  2.41910516e+08  2.74297724e-01  3.67051866e-03
 3.23648197e+08  3.20770913e+06  2.43192673e+08  2.74249016e-01  3.67096534e-03
 3.24747419e+08  3.19037610e+06  2.44100494e+08  2.74181356e-01  3.67131435e-03
 3.25846640e+08  3.17362167e+06  2.44975041e+08  2.74112010e-01  3.67165468e-03
 3.26945862e+08  3.15686725e+06  2.45849587e+08  2.74042665e-01  3.67199501e-03
 3.28045083e+08  3.13922908e+06  2.46775729e+08  2.74177413e-01  3.67240065e-03
 3.29144305e+08  3.11687828e+06  2.47977005e+08  2.75400495e-01  3.67315452e-03
 3.30243526e+08  3.09452749e+06  2.49178281e+08  2.76623577e-01  3.67390840e-03
 3.31342748e+08  3.07217669e+06  2.50379557e+08  2.77846658e-01  3.67466227e-03
 3.32441970e+08  3.04549136e+06  2.51836886e+08  2.83116976e-01  3.67569866e-03
 3.33541191e+08  3.01417927e+06  2.53567530e+08  2.92707362e-01  3.67703659e-03
 3.34640413e+08  2.98780824e+06  2.55069592e+08  2.97147820e-01  3.67768091e-03
 3.35739634e+08  2.96622754e+06  2.56350045e+08  2.96595436e-01  3.67765277e-03
 3.36838856e+08  2.94482425e+06  2.57734130e+08  2.96042295e-01  3.67762693e-03
 3.37938078e+08  2.92357490e+06  2.59208141e+08  2.95488497e-01  3.67760309e-03
 3.39037299e+08  2.90261964e+06  2.60198555e+08  2.94927804e-01  3.67758259e-03
 3.40136521e+08  2.88194257e+06  2.60731481e+08  2.94360589e-01  3.67756525e-03
 3.41235742e+08  2.86260596e+06  2.61623509e+08  2.93832637e-01  3.67755183e-03
 3.42334964e+08  2.84466647e+06  2.62889823e+08  2.93345608e-01  3.67754248e-03
 3.43434185e+08  2.82672698e+06  2.64156137e+08  2.92858579e-01  3.67753314e-03
 3.44533407e+08  2.80300568e+06  2.65688649e+08  2.92214573e-01  3.67751998e-03
 3.45632629e+08  2.77525054e+06  2.67406878e+08  2.91461048e-01  3.67750415e-03
 3.46731850e+08  2.75790093e+06  2.68469213e+08  2.90987417e-01  3.67749448e-03
 3.47831072e+08  2.74218754e+06  2.69428410e+08  2.90557798e-01  3.67748577e-03
 3.48930293e+08  2.72647414e+06  2.70387608e+08  2.90128179e-01  3.67747706e-03
 3.50029515e+08  2.70878272e+06  2.71481723e+08  2.89638546e-01  3.67746454e-03
 3.51128737e+08  2.68984721e+06  2.72660694e+08  2.89111169e-01  3.67744963e-03
 3.52227958e+08  2.67091170e+06  2.73839665e+08  2.88583792e-01  3.67743471e-03
 3.53327180e+08  2.65197620e+06  2.75018636e+08  2.88056414e-01  3.67741979e-03
 3.54426401e+08  2.63007323e+06  2.76412125e+08  2.87450261e-01  3.67739407e-03
 3.55525623e+08  2.60781608e+06  2.77831219e+08  2.86834704e-01  3.67736706e-03
 3.56624845e+08  2.58555892e+06  2.79250312e+08  2.86219148e-01  3.67734005e-03
 3.57724066e+08  2.56293750e+06  2.80716008e+08  2.85609637e-01  3.67730178e-03
 3.58823288e+08  2.54027472e+06  2.82186996e+08  2.85000812e-01  3.67726224e-03
 3.59922509e+08  2.52081028e+06  2.83462313e+08  2.84476607e-01  3.67722078e-03
 3.61021731e+08  2.50328652e+06  2.84618903e+08  2.84003747e-01  3.67717817e-03
 3.62120952e+08  2.48576275e+06  2.85775492e+08  2.83530887e-01  3.67713555e-03
 3.63220174e+08  2.46752114e+06  2.87022203e+08  2.83030635e-01  3.67707840e-03
 3.64319396e+08  2.44911739e+06  2.88289271e+08  2.82524197e-01  3.67701796e-03
 3.65418617e+08  2.43071364e+06  2.89556338e+08  2.82017758e-01  3.67695752e-03
 3.66517839e+08  2.40904836e+06  2.91095781e+08  2.81422229e-01  3.67687054e-03
 3.67617060e+08  2.38649633e+06  2.92709277e+08  2.80802478e-01  3.67677635e-03
 3.68716282e+08  2.36654800e+06  2.93905651e+08  2.80251817e-01  3.67668182e-03
 3.69815504e+08  2.34823590e+06  2.94839894e+08  2.79744576e-01  3.67658708e-03
 3.70914725e+08  2.33113972e+06  2.95859276e+08  2.79275102e-01  3.67649291e-03
 3.72013947e+08  2.31563332e+06  2.96989973e+08  2.78855009e-01  3.67639950e-03
 3.73113168e+08  2.30012692e+06  2.98120670e+08  2.78434915e-01  3.67630608e-03
 3.74212390e+08  2.28367508e+06  2.99315111e+08  2.77990695e-01  3.67620163e-03
 3.75311612e+08  2.26435183e+06  3.00703149e+08  2.77473197e-01  3.67606366e-03
 3.76410833e+08  2.24502859e+06  3.02091188e+08  2.76955700e-01  3.67592570e-03
 3.77510055e+08  2.22638971e+06  3.03420951e+08  2.76459609e-01  3.67578295e-03
 3.78609276e+08  2.20859263e+06  3.04679033e+08  2.75989850e-01  3.67563433e-03
 3.79708498e+08  2.19079555e+06  3.05937115e+08  2.75520090e-01  3.67548571e-03
 3.80807719e+08  2.17400250e+06  3.07126325e+08  2.75085948e-01  3.67533340e-03
 3.81906941e+08  2.15773721e+06  3.08279334e+08  2.74670530e-01  3.67517917e-03
 3.83006163e+08  2.14147192e+06  3.09432344e+08  2.74255111e-01  3.67502493e-03
 3.84105384e+08  2.12517019e+06  3.10591348e+08  2.73843786e-01  3.67486158e-03
 3.85204606e+08  2.10881501e+06  3.11759149e+08  2.73438467e-01  3.67468485e-03
 3.86303827e+08  2.09245982e+06  3.12926950e+08  2.73033149e-01  3.67450812e-03
 3.87403049e+08  2.07610464e+06  3.14094751e+08  2.72627830e-01  3.67433139e-03
 3.88502271e+08  2.05877598e+06  3.15339031e+08  2.72213777e-01  3.67412534e-03
 3.89601492e+08  2.04122139e+06  3.16601061e+08  2.71797696e-01  3.67391248e-03
 3.90700714e+08  2.02366680e+06  3.17863090e+08  2.71381615e-01  3.67369963e-03
 3.91799935e+08  2.00639274e+06  3.19108417e+08  2.70980320e-01  3.67347908e-03
 3.92899157e+08  1.98939449e+06  3.20337322e+08  2.70593563e-01  3.67325099e-03
 3.93998378e+08  1.97239624e+06  3.21566226e+08  2.70206806e-01  3.67302290e-03
 3.95097600e+08  1.95244880e+06  3.23023989e+08  2.69760530e-01  3.67274546e-03
 3.96196822e+08  1.92777999e+06  3.24848133e+08  2.69218970e-01  3.67238904e-03
 3.97296043e+08  1.91268733e+06  3.25987996e+08  2.68896210e-01  3.67216197e-03
 3.98395265e+08  1.89920597e+06  3.27012720e+08  2.68610266e-01  3.67195668e-03
 3.99494486e+08  1.88439556e+06  3.28134552e+08  2.69002940e-01  3.67165903e-03
 4.00593708e+08  1.86869084e+06  3.29321726e+08  2.69852254e-01  3.67129923e-03
 4.01692930e+08  1.85308685e+06  3.30409355e+08  2.70458500e-01  3.67094852e-03
 4.02792151e+08  1.83773412e+06  3.31248702e+08  2.70458500e-01  3.67062048e-03
 4.03891373e+08  1.82238139e+06  3.32088048e+08  2.70458500e-01  3.67029244e-03
 4.04990594e+08  1.80657491e+06  3.33259284e+08  2.70167087e-01  3.66998883e-03
 4.06089816e+08  1.79074904e+06  3.34444696e+08  2.69863226e-01  3.66968626e-03
 4.07189038e+08  1.77481469e+06  3.35641957e+08  2.69506902e-01  3.66937205e-03
 4.08288259e+08  1.75884493e+06  3.36843086e+08  2.69133452e-01  3.66905405e-03
 4.09387481e+08  1.74593767e+06  3.37786961e+08  2.68841230e-01  3.66878782e-03
 4.10486702e+08  1.73402659e+06  3.38647155e+08  2.68575431e-01  3.66853843e-03
 4.11585924e+08  1.72211552e+06  3.39507348e+08  2.68309631e-01  3.66828904e-03
 4.12685145e+08  1.70895728e+06  3.40445734e+08  2.68820040e-01  3.66807066e-03
 4.13784367e+08  1.69382807e+06  3.41507690e+08  2.70557137e-01  3.66790130e-03
 4.14883589e+08  1.67869885e+06  3.42569646e+08  2.72294234e-01  3.66773194e-03
 4.15982810e+08  1.66348768e+06  3.43633762e+08  2.74193822e-01  3.66758645e-03
 4.17082032e+08  1.64798456e+06  3.44705573e+08  2.76672267e-01  3.66752601e-03
 4.18181253e+08  1.63248143e+06  3.45777384e+08  2.79150712e-01  3.66746558e-03
 4.19280475e+08  1.61414520e+06  3.47037706e+08  2.81372905e-01  3.66736996e-03
 4.20379697e+08  1.59421599e+06  3.48399972e+08  2.83414267e-01  3.66726241e-03
 4.21478918e+08  1.58360988e+06  3.49116138e+08  2.86065168e-01  3.66732060e-03
 4.22578140e+08  1.57300377e+06  3.49832304e+08  2.88716070e-01  3.66737880e-03
 4.23677361e+08  1.55571098e+06  3.50992515e+08  2.91223304e-01  3.66727777e-03
 4.24776583e+08  1.53772825e+06  3.52194081e+08  2.92445282e-01  3.66700594e-03
 4.25875805e+08  1.52635958e+06  3.52950682e+08  2.92174526e-01  3.66669296e-03
 4.26975026e+08  1.50686042e+06  3.54237550e+08  2.91727156e-01  3.66614584e-03
 4.28074248e+08  1.48573973e+06  3.55326868e+08  4.85926283e-01  3.68907664e-03
 4.29173469e+08  1.47530181e+06  3.55991206e+08  4.87003173e-01  3.68975171e-03
 4.30272691e+08  1.46401891e+06  3.56701690e+08  4.89264001e-01  3.69075668e-03
 4.31371912e+08  1.45398821e+06  3.57326928e+08  4.91266127e-01  3.69161558e-03
 4.32471134e+08  1.44332439e+06  3.57988905e+08  4.92838005e-01  3.69238795e-03
 4.33570356e+08  1.42657506e+06  3.59016443e+08  4.92186762e-01  3.69284359e-03
 4.34669577e+08  1.41707827e+06  3.59592408e+08  4.92002641e-01  3.69305081e-03
 4.35768799e+08  1.40462826e+06  3.60340032e+08  4.91825685e-01  3.69330087e-03
 4.36868020e+08  1.38861718e+06  3.61287944e+08  4.91631145e-01  3.69358384e-03
 4.37967242e+08  1.37754739e+06  3.61934988e+08  4.91457438e-01  3.69369916e-03
 4.39066464e+08  1.36772345e+06  3.62503090e+08  4.91454090e-01  3.69364480e-03
 4.40165685e+08  1.35817083e+06  3.63049173e+08  4.91476264e-01  3.69352173e-03
 4.41264907e+08  1.34890845e+06  3.63571703e+08  4.91525738e-01  3.69332516e-03
 4.42364128e+08  1.33964607e+06  3.64094233e+08  4.91575213e-01  3.69312860e-03
 4.43463350e+08  1.33035415e+06  3.64617961e+08  4.91627161e-01  3.69292987e-03
 4.44562572e+08  1.31925984e+06  3.65214785e+08  4.91830053e-01  3.69259919e-03
 4.45661793e+08  1.30816553e+06  3.65811609e+08  4.92032945e-01  3.69226852e-03
 4.46761015e+08  1.29707122e+06  3.66408433e+08  4.92235838e-01  3.69193784e-03
 4.47860236e+08  1.28591837e+06  3.67006744e+08  4.92445781e-01  3.69160236e-03
 4.48959458e+08  1.27344462e+06  3.67638629e+08  4.92814834e-01  3.69115850e-03
 4.50058679e+08  1.26097086e+06  3.68270514e+08  4.93183887e-01  3.69071464e-03
 4.51157901e+08  1.24849711e+06  3.68902398e+08  4.93552940e-01  3.69027078e-03
 4.52257123e+08  1.23691505e+06  3.69468739e+08  4.93954393e-01  3.68982967e-03
 4.53356344e+08  1.22583600e+06  3.69998106e+08  4.94374123e-01  3.68939011e-03
 4.54455566e+08  1.21475695e+06  3.70527474e+08  4.94793853e-01  3.68895055e-03
 4.55554787e+08  1.20277797e+06  3.71091971e+08  4.95259465e-01  3.68846653e-03
 4.56654009e+08  1.18608910e+06  3.71840321e+08  4.95965208e-01  3.68774984e-03
 4.57753231e+08  1.16926506e+06  3.72582401e+08  4.96702666e-01  3.68699184e-03
 4.58852452e+08  1.15579860e+06  3.73159148e+08  4.97308347e-01  3.68640109e-03
 4.59951674e+08  1.14445802e+06  3.73631899e+08  4.97826438e-01  3.68563259e-03
 4.61050895e+08  1.13653613e+06  3.73955539e+08  4.98204267e-01  3.68517610e-03
 4.62150117e+08  1.12908436e+06  3.74257337e+08  4.98560074e-01  3.68481914e-03
 4.63249338e+08  1.12169407e+06  3.74546651e+08  4.98914421e-01  3.68450009e-03
 4.64348560e+08  1.11431581e+06  3.74833522e+08  4.99268481e-01  3.68418846e-03
 4.65447782e+08  1.10693755e+06  3.75120392e+08  4.99622540e-01  3.68387682e-03
 4.66547003e+08  1.09955929e+06  3.75407262e+08  4.99976600e-01  3.68356519e-03
 4.67646225e+08  1.08838753e+06  3.75802524e+08  5.00522911e-01  3.68305894e-03
 4.68745446e+08  1.07690937e+06  3.76206541e+08  5.01084749e-01  3.68253697e-03
 4.69844668e+08  1.06543121e+06  3.76610558e+08  5.01646587e-01  3.68201500e-03
 4.70943890e+08  1.05073494e+06  3.77087257e+08  5.02360557e-01  3.68131303e-03
 4.72043111e+08  1.03896852e+06  3.77460769e+08  5.02927978e-01  3.68076423e-03
 4.73142333e+08  1.03194301e+06  3.77675269e+08  5.03259989e-01  3.68046558e-03
 4.74241554e+08  1.02491750e+06  3.77889770e+08  5.03592001e-01  3.68016694e-03
 4.75340776e+08  1.01638833e+06  3.78140434e+08  5.03993887e-01  3.67984771e-03
 4.76439998e+08  1.00202585e+06  3.78531394e+08  5.04666847e-01  3.67944863e-03
 4.77539219e+08  9.92490787e+05  3.78783293e+08  5.05103806e-01  3.67883481e-03
 4.78638441e+08  9.85777852e+05  3.78953895e+08  5.05402798e-01  3.67809545e-03
 4.79737662e+08  9.79064916e+05  3.79124498e+08  5.05701790e-01  3.67735610e-03
 4.80836884e+08  9.71934677e+05  3.79301231e+08  5.06018104e-01  3.67664480e-03
 4.81936105e+08  9.61424912e+05  3.79527606e+08  5.06474704e-01  3.67616078e-03
 4.83035327e+08  9.50915147e+05  3.79753981e+08  5.06931304e-01  3.67567676e-03
 4.84134549e+08  9.40519159e+05  3.79963677e+08  5.07372617e-01  3.67512074e-03
 4.85233770e+08  9.30262409e+05  3.80152960e+08  5.07795222e-01  3.67447658e-03
 4.86332992e+08  9.20906308e+05  3.80317079e+08  5.08174424e-01  3.67387288e-03
 4.87432213e+08  9.12726177e+05  3.80448340e+08  5.08496953e-01  3.67332202e-03
 4.88531435e+08  9.04594717e+05  3.80575475e+08  5.08816276e-01  3.67276837e-03
 4.89630657e+08  8.96731306e+05  3.80679888e+08  5.09117941e-01  3.67219938e-03
 4.90729878e+08  8.88867895e+05  3.80784301e+08  5.09419605e-01  3.67163040e-03
 4.91829100e+08  8.80751465e+05  3.80879079e+08  5.09727033e-01  3.67102464e-03
 4.92928321e+08  8.72340006e+05  3.80962621e+08  5.10041182e-01  3.67037599e-03
 4.94027543e+08  8.63928546e+05  3.81046162e+08  5.10355330e-01  3.66972735e-03
 4.95126765e+08  8.54104674e+05  3.81115641e+08  5.10715116e-01  3.66894072e-03
 4.96225986e+08  8.44171158e+05  3.81180192e+08  5.11077467e-01  3.66813914e-03
 4.97325208e+08  8.38348283e+05  3.81204767e+08  5.11286383e-01  3.66764965e-03
 4.98424429e+08  8.32525408e+05  3.81229342e+08  5.11495298e-01  3.66716015e-03
 4.99523651e+08  8.26702532e+05  3.81253917e+08  5.11704214e-01  3.66667066e-03
 5.00622872e+08  8.20146286e+05  3.81272965e+08  5.11939067e-01  3.66611001e-03
 5.01722094e+08  8.09669373e+05  3.81262462e+08  5.12312581e-01  3.66516897e-03
 5.02821316e+08  7.99192460e+05  3.81251960e+08  5.12686094e-01  3.66422792e-03
 5.03920537e+08  7.91365657e+05  3.81223762e+08  5.12969028e-01  3.66349110e-03
 5.05019759e+08  7.83953131e+05  3.81192798e+08  5.13237802e-01  3.66278620e-03
 5.06118980e+08  7.77244528e+05  3.81155743e+08  5.13479623e-01  3.66213357e-03
 5.07218202e+08  7.71386030e+05  3.81111330e+08  5.13688896e-01  3.66154404e-03
 5.08317424e+08  7.65527532e+05  3.81066917e+08  5.13898168e-01  3.66095452e-03
 5.09416645e+08  7.59669034e+05  3.81022505e+08  5.14107441e-01  3.66036500e-03
 5.10515867e+08  7.53231756e+05  3.80959986e+08  5.14340729e-01  3.65970118e-03
 5.11615088e+08  7.45337696e+05  3.80851894e+08  5.14634463e-01  3.65885034e-03
 5.12714310e+08  7.37443636e+05  3.80743802e+08  5.14928197e-01  3.65799951e-03
 5.13813531e+08  7.29549577e+05  3.80635710e+08  5.15221931e-01  3.65714867e-03
 5.14912753e+08  7.22861419e+05  3.80517265e+08  5.15475619e-01  3.65638742e-03
 5.16011975e+08  7.16469891e+05  3.80396273e+08  5.15719457e-01  3.65564820e-03
 5.17111196e+08  7.10078362e+05  3.80275281e+08  5.15963294e-01  3.65490898e-03
 5.18210418e+08  7.03686834e+05  3.80154290e+08  5.16207131e-01  3.65416976e-03
 5.19309639e+08  6.95166854e+05  3.79951852e+08  5.16546190e-01  3.65313949e-03
 5.20408861e+08  6.85499846e+05  3.79705524e+08  5.16936563e-01  3.65195236e-03
 5.21508083e+08  6.77558377e+05  3.79494667e+08  5.17262406e-01  3.65096365e-03
 5.22607304e+08  6.71892421e+05  3.79330588e+08  5.17503150e-01  3.65023663e-03
 5.23706526e+08  6.66226466e+05  3.79166509e+08  5.17743893e-01  3.64950960e-03
 5.24805747e+08  6.60396639e+05  3.78986319e+08  5.18000048e-01  3.64874988e-03
 5.25904969e+08  6.54287501e+05  3.78778669e+08  5.18282470e-01  3.64793444e-03
 5.27004191e+08  6.48178362e+05  3.78571018e+08  5.18564891e-01  3.64711899e-03
 5.28103412e+08  6.42069464e+05  3.78363298e+08  5.18847377e-01  3.64630350e-03
 5.29202634e+08  6.36065610e+05  3.78125243e+08  5.19157831e-01  3.64546722e-03
 5.30301855e+08  6.30061757e+05  3.77887187e+08  5.19468284e-01  3.64463094e-03
 5.31401077e+08  6.24057903e+05  3.77649132e+08  5.19778738e-01  3.64379466e-03
 5.32500298e+08  6.17736651e+05  3.77381649e+08  5.20124379e-01  3.64289802e-03
 5.33599520e+08  6.10927042e+05  3.77068887e+08  5.20524158e-01  3.64190852e-03
 5.34698742e+08  6.04117433e+05  3.76756126e+08  5.20923938e-01  3.64091902e-03
 5.35797963e+08  5.96808312e+05  3.76399444e+08  5.21381637e-01  3.63983610e-03
 5.36897185e+08  5.89059526e+05  3.76004103e+08  5.21890317e-01  3.63867095e-03
 5.37996406e+08  5.83518632e+05  3.75709645e+08  5.22283746e-01  3.63782364e-03
 5.39095628e+08  5.78585033e+05  3.75442936e+08  5.22645473e-01  3.63706375e-03
 5.40194850e+08  5.73580314e+05  3.75164768e+08  5.23024033e-01  3.63628367e-03
 5.41294071e+08  5.68429968e+05  3.74863135e+08  5.23437059e-01  3.63546222e-03
 5.42393293e+08  5.63279622e+05  3.74561503e+08  5.23850085e-01  3.63464078e-03
 5.43492514e+08  5.57812956e+05  3.74229267e+08  5.24303289e-01  3.63375259e-03
 5.44591736e+08  5.51771731e+05  3.73841441e+08  5.24829472e-01  3.63274316e-03
 5.45690958e+08  5.45730505e+05  3.73453615e+08  5.25355655e-01  3.63173374e-03
 5.46790179e+08  5.39826782e+05  3.73050344e+08  5.25901655e-01  3.63070632e-03
 5.47889401e+08  5.33943570e+05  3.72644769e+08  5.26450610e-01  3.62967622e-03
 5.48988622e+08  5.29348264e+05  3.72315050e+08  5.26886331e-01  3.62883814e-03
 5.50087844e+08  5.25118683e+05  3.72006871e+08  5.27289898e-01  3.62805459e-03
 5.51187065e+08  5.20889102e+05  3.71698692e+08  5.27693464e-01  3.62727105e-03
 5.52286287e+08  5.16554526e+05  3.71372207e+08  5.28104448e-01  3.62644265e-03
 5.53385509e+08  5.12018319e+05  3.71010570e+08  5.28529679e-01  3.62552815e-03
 5.54484730e+08  5.07482112e+05  3.70648932e+08  5.28954911e-01  3.62461365e-03
 5.55583952e+08  5.02945905e+05  3.70287294e+08  5.29380142e-01  3.62369915e-03
 5.56683173e+08  4.98409698e+05  3.69925656e+08  5.29805373e-01  3.62278464e-03
 5.57782395e+08  4.90214867e+05  3.69198158e+08  5.30523641e-01  3.62096971e-03
 5.58881617e+08  4.82170512e+05  3.68479069e+08  5.31219992e-01  3.61917287e-03
 5.59980838e+08  4.77189389e+05  3.68017404e+08  5.31598329e-01  3.61799050e-03
 5.61080060e+08  4.72184297e+05  3.67545872e+08  5.31963629e-01  3.61678175e-03
 5.62179281e+08  4.67145722e+05  3.67060555e+08  5.32310713e-01  3.61553614e-03
 5.63278503e+08  4.63657319e+05  3.66715552e+08  5.32516029e-01  3.61463759e-03
 5.64377724e+08  4.60342196e+05  3.66386233e+08  5.32705498e-01  3.61377785e-03
 5.65476946e+08  4.57027073e+05  3.66056914e+08  5.32894966e-01  3.61291810e-03
 5.66576168e+08  4.52791157e+05  3.65620028e+08  5.33122535e-01  3.61179281e-03
 5.67675389e+08  4.46435318e+05  3.64935492e+08  5.33437819e-01  3.61005616e-03
 5.68774611e+08  4.40141618e+05  3.64249436e+08  5.33742526e-01  3.60831784e-03
 5.69873832e+08  4.34454816e+05  3.63610584e+08  5.34001797e-01  3.60670320e-03
 5.70973054e+08  4.31041531e+05  3.63219985e+08  5.34157459e-01  3.60571306e-03
 5.72072276e+08  4.27652932e+05  3.62830371e+08  5.34313707e-01  3.60472667e-03
 5.73171497e+08  4.24434909e+05  3.62447562e+08  5.34474005e-01  3.60376624e-03
 5.74270719e+08  4.21216886e+05  3.62064753e+08  5.34634303e-01  3.60280581e-03
 5.75369940e+08  4.17998862e+05  3.61681945e+08  5.34794601e-01  3.60184538e-03
 5.76469162e+08  4.14739272e+05  3.61293127e+08  5.34957903e-01  3.60087119e-03
 5.77568384e+08  4.09392304e+05  3.60602590e+08  5.35272002e-01  3.59920618e-03
 5.78667605e+08  4.04045336e+05  3.59912052e+08  5.35586101e-01  3.59754117e-03
 5.79766827e+08  3.98224240e+05  3.59143831e+08  5.35952944e-01  3.59569615e-03
 5.80866048e+08  3.92356740e+05  3.58347119e+08  5.36355797e-01  3.59378500e-03
 5.81965270e+08  3.88919019e+05  3.57872613e+08  5.36600450e-01  3.59262007e-03
 5.83064491e+08  3.85861087e+05  3.57444687e+08  5.36825310e-01  3.59155611e-03
 5.84163713e+08  3.83095592e+05  3.57052627e+08  5.37034931e-01  3.59056990e-03
 5.85262935e+08  3.80330097e+05  3.56660568e+08  5.37244551e-01  3.58958369e-03
 5.86362156e+08  3.77564602e+05  3.56268508e+08  5.37454172e-01  3.58859747e-03
 5.87461378e+08  3.72998629e+05  3.55585365e+08  5.37799507e-01  3.58687640e-03
 5.88560599e+08  3.66753098e+05  3.54630688e+08  5.38271444e-01  3.58446983e-03
 5.89659821e+08  3.62149293e+05  3.53914489e+08  5.38586104e-01  3.58261215e-03
 5.90759043e+08  3.58308949e+05  3.53309075e+08  5.38826615e-01  3.58101052e-03
 5.91858264e+08  3.55245775e+05  3.52816028e+08  5.38988149e-01  3.57967230e-03
 5.92957486e+08  3.52182601e+05  3.52322982e+08  5.39149683e-01  3.57833408e-03
 5.94056707e+08  3.48955815e+05  3.51786255e+08  5.39271342e-01  3.57683697e-03
 5.95155929e+08  3.45700554e+05  3.51241927e+08  5.39386060e-01  3.57531220e-03
 5.96255151e+08  3.42445293e+05  3.50697598e+08  5.39500778e-01  3.57378744e-03
 5.97354372e+08  3.38993172e+05  3.50093715e+08  5.39565187e-01  3.57204481e-03
 5.98453594e+08  3.35535634e+05  3.49488192e+08  5.39628213e-01  3.57029619e-03
 5.99552815e+08  3.32040459e+05  3.48875269e+08  5.39690760e-01  3.56852535e-03
 6.00652037e+08  3.26276236e+05  3.47816135e+08  5.39724481e-01  3.56541476e-03
 6.01751258e+08  3.22816555e+05  3.47174191e+08  5.39729762e-01  3.56349840e-03
 6.02850480e+08  3.20047905e+05  3.46657342e+08  5.39726516e-01  3.56194014e-03
 6.03949702e+08  3.16927890e+05  3.46059860e+08  5.39707018e-01  3.56012025e-03
 6.05048923e+08  3.13741548e+05  3.45447156e+08  5.39684452e-01  3.55825096e-03
 6.06148145e+08  3.10743536e+05  3.44857420e+08  5.39653235e-01  3.55643102e-03
 6.07247366e+08  3.07803788e+05  3.44274790e+08  5.39619343e-01  3.55462634e-03
 6.08346588e+08  3.04718178e+05  3.43657205e+08  5.39579830e-01  3.55270793e-03
 6.09445810e+08  3.01104920e+05  3.42913173e+08  5.39519986e-01  3.55037812e-03
 6.10545031e+08  2.97673761e+05  3.42203013e+08  5.39461075e-01  3.54814727e-03
 6.11644253e+08  2.94856644e+05  3.41607072e+08  5.39405310e-01  3.54625009e-03
 6.12743474e+08  2.92039527e+05  3.41011132e+08  5.39349544e-01  3.54435292e-03
 6.13842696e+08  2.88554944e+05  3.40251742e+08  5.39268083e-01  3.54191900e-03
 6.14941918e+08  2.84938060e+05  3.39457906e+08  5.39180566e-01  3.53936975e-03
 6.16041139e+08  2.81899369e+05  3.38776374e+08  5.39101538e-01  3.53715768e-03
 6.17140361e+08  2.79150692e+05  3.38155533e+08  5.39026919e-01  3.53513212e-03
 6.18239582e+08  2.76841679e+05  3.37626699e+08  5.38958983e-01  3.53338934e-03
 6.19338804e+08  2.74532667e+05  3.37097866e+08  5.38891047e-01  3.53164655e-03
 6.20438025e+08  2.70938321e+05  3.36250285e+08  5.38778199e-01  3.52885653e-03
 6.21537247e+08  2.66917128e+05  3.35287742e+08  5.38645458e-01  3.52567851e-03
 6.22636469e+08  2.64893895e+05  3.34798646e+08  5.38570497e-01  3.52403111e-03
 6.23735690e+08  2.62870661e+05  3.34309549e+08  5.38495535e-01  3.52238371e-03
 6.24834912e+08  2.59863029e+05  3.33562580e+08  5.38380050e-01  3.51987340e-03
 6.25934133e+08  2.55981645e+05  3.32586375e+08  5.38228434e-01  3.51659560e-03
 6.27033355e+08  2.54087331e+05  3.32103053e+08  5.38145722e-01  3.51493504e-03
 6.28132577e+08  2.52193016e+05  3.31619730e+08  5.38063011e-01  3.51327447e-03
 6.29231798e+08  2.50298701e+05  3.31136407e+08  5.37980299e-01  3.51161391e-03
 6.30331020e+08  2.47954392e+05  3.30525012e+08  5.37874408e-01  3.50951693e-03
 6.31430241e+08  2.44477114e+05  3.29591166e+08  5.37710157e-01  3.50632117e-03
 6.32529463e+08  2.41017034e+05  3.28661409e+08  5.37546413e-01  3.50313856e-03
 6.33628684e+08  2.38182664e+05  3.27880395e+08  5.37401090e-01  3.50043400e-03
 6.34727906e+08  2.35477235e+05  3.27132996e+08  5.37261834e-01  3.49784318e-03
 6.35827128e+08  2.33415154e+05  3.26553310e+08  5.37152852e-01  3.49581980e-03
 6.36926349e+08  2.31353073e+05  3.25973625e+08  5.37043870e-01  3.49379642e-03
 6.38025571e+08  2.29232944e+05  3.25371366e+08  5.36931078e-01  3.49169441e-03
 6.39124792e+08  2.26966081e+05  3.24712045e+08  5.36808658e-01  3.48939364e-03
 6.40224014e+08  2.24699218e+05  3.24052724e+08  5.36686237e-01  3.48709288e-03
 6.41323236e+08  2.22432355e+05  3.23393403e+08  5.36563817e-01  3.48479211e-03
 6.42422457e+08  2.19194808e+05  3.22415231e+08  5.36389167e-01  3.48140219e-03
 6.43521679e+08  2.15898973e+05  3.21416430e+08  5.36211579e-01  3.47794236e-03
 6.44620900e+08  2.13149786e+05  3.20568107e+08  5.36067319e-01  3.47500717e-03
 6.45720122e+08  2.10887261e+05  3.19864282e+08  5.35951445e-01  3.47257453e-03
 6.46819344e+08  2.08857612e+05  3.19229603e+08  5.35849154e-01  3.47038239e-03
 6.47918565e+08  2.06845332e+05  3.18589864e+08  5.35754231e-01  3.46818239e-03
 6.49017787e+08  2.04835035e+05  3.17949547e+08  5.35660149e-01  3.46598149e-03
 6.50117008e+08  2.02806792e+05  3.17293922e+08  5.35581480e-01  3.46374652e-03
 6.51216230e+08  2.00768081e+05  3.16629370e+08  5.35511801e-01  3.46149166e-03
 6.52315451e+08  1.98729370e+05  3.15964817e+08  5.35442122e-01  3.45923681e-03
 6.53414673e+08  1.96503667e+05  3.15220072e+08  5.35392066e-01  3.45673579e-03
 6.54513895e+08  1.94271175e+05  3.14472415e+08  5.35342723e-01  3.45422584e-03
 6.55613116e+08  1.91927499e+05  3.13677763e+08  5.35304436e-01  3.45157926e-03
 6.56712338e+08  1.89465650e+05  3.12833162e+08  5.35277899e-01  3.44878748e-03
 6.57811559e+08  1.87380989e+05  3.12111616e+08  5.35265244e-01  3.44637774e-03
 6.58910781e+08  1.85512896e+05  3.11460724e+08  5.35260559e-01  3.44418736e-03
 6.60010003e+08  1.83641994e+05  3.10804009e+08  5.35259466e-01  3.44199562e-03
 6.61109224e+08  1.81766097e+05  3.10136938e+08  5.35264760e-01  3.43980147e-03
 6.62208446e+08  1.79890199e+05  3.09469867e+08  5.35270055e-01  3.43760733e-03
 6.63307667e+08  1.77909422e+05  3.08753287e+08  5.35276198e-01  3.43524954e-03
 6.64406889e+08  1.75886989e+05  3.08017042e+08  5.35282677e-01  3.43282675e-03
 6.65506111e+08  1.73858543e+05  3.07275308e+08  5.35289735e-01  3.43039040e-03
 6.66605332e+08  1.71807397e+05  3.06512846e+08  5.35298977e-01  3.42790287e-03
 6.67704554e+08  1.69756251e+05  3.05750384e+08  5.35308218e-01  3.42541533e-03
 6.68803775e+08  1.68119220e+05  3.05132037e+08  5.35313819e-01  3.42341432e-03
 6.69902997e+08  1.66482278e+05  3.04513721e+08  5.35319420e-01  3.42141340e-03
 6.71002218e+08  1.64819530e+05  3.03884897e+08  5.35325518e-01  3.41938032e-03
 6.72101440e+08  1.62382156e+05  3.02940628e+08  5.35346533e-01  3.41638151e-03
 6.73200662e+08  1.60104811e+05  3.02056447e+08  5.35369655e-01  3.41357941e-03
 6.74299883e+08  1.58321875e+05  3.01357908e+08  5.35399284e-01  3.41138501e-03
 6.75399105e+08  1.56710911e+05  3.00724194e+08  5.35437460e-01  3.40941043e-03
 6.76498326e+08  1.55327190e+05  3.00176140e+08  5.35486929e-01  3.40772631e-03
 6.77597548e+08  1.53943470e+05  2.99628087e+08  5.35536398e-01  3.40604220e-03
 6.78696770e+08  1.52272514e+05  2.98959536e+08  5.35608724e-01  3.40400751e-03
 6.79795991e+08  1.49819337e+05  2.97962837e+08  5.35743299e-01  3.40101814e-03
 6.80895213e+08  1.47497630e+05  2.97014491e+08  5.35884573e-01  3.39818626e-03
 6.81994434e+08  1.45812906e+05  2.96322238e+08  5.35995204e-01  3.39612529e-03
 6.83093656e+08  1.44622169e+05  2.95831795e+08  5.36072790e-01  3.39466333e-03
 6.84192877e+08  1.43358372e+05  2.95309722e+08  5.36154867e-01  3.39310833e-03
 6.85292099e+08  1.41529692e+05  2.94543088e+08  5.36271672e-01  3.39083400e-03
 6.86391321e+08  1.39806376e+05  2.93819786e+08  5.36381247e-01  3.38868864e-03
 6.87490542e+08  1.38563251e+05  2.93293970e+08  5.36457869e-01  3.38713108e-03
 6.88589764e+08  1.37320127e+05  2.92768153e+08  5.36534491e-01  3.38557352e-03
 6.89688985e+08  1.36077002e+05  2.92242337e+08  5.36611112e-01  3.38401596e-03
 6.90788207e+08  1.34202661e+05  2.91433306e+08  5.36728765e-01  3.38164331e-03
 6.91887429e+08  1.32107802e+05  2.90525334e+08  5.36860752e-01  3.37898589e-03
 6.92986650e+08  1.30182420e+05  2.89684753e+08  5.36982077e-01  3.37653666e-03
 6.94085872e+08  1.28521754e+05  2.88956362e+08  5.37086592e-01  3.37442438e-03
 6.95185093e+08  1.27268337e+05  2.88404093e+08  5.37165168e-01  3.37283646e-03
 6.96284315e+08  1.26026420e+05  2.87855211e+08  5.37239144e-01  3.37126038e-03
 6.97383537e+08  1.24813315e+05  2.87314813e+08  5.37301595e-01  3.36971398e-03
 6.98482758e+08  1.23600211e+05  2.86774415e+08  5.37364045e-01  3.36816757e-03
 6.99581980e+08  1.22287042e+05  2.86186340e+08  5.37427762e-01  3.36649365e-03
 7.00681201e+08  1.20578987e+05  2.85410112e+08  5.37496476e-01  3.36431654e-03
 7.01780423e+08  1.18871256e+05  2.84634021e+08  5.37565182e-01  3.36213990e-03
 7.02879644e+08  1.17408320e+05  2.83961652e+08  5.37627264e-01  3.36032545e-03
 7.03978866e+08  1.15943351e+05  2.83288244e+08  5.37689596e-01  3.35850916e-03
 7.05078088e+08  1.14308892e+05  2.82528238e+08  5.37772758e-01  3.35653924e-03
 7.06177309e+08  1.12933133e+05  2.81886332e+08  5.37849143e-01  3.35490223e-03
 7.07276531e+08  1.11737819e+05  2.81326803e+08  5.37920800e-01  3.35349743e-03
 7.08375752e+08  1.10561225e+05  2.80771670e+08  5.38006336e-01  3.35215744e-03
 7.09474974e+08  1.09390055e+05  2.80217811e+08  5.38095894e-01  3.35083624e-03
 7.10574196e+08  1.08083054e+05  2.79594935e+08  5.38203287e-01  3.34938814e-03
 7.11673417e+08  1.06613015e+05  2.78889217e+08  5.38332088e-01  3.34778771e-03
 7.12772639e+08  1.05389199e+05  2.78298595e+08  5.38448108e-01  3.34649346e-03
 7.13871860e+08  1.04300664e+05  2.77771210e+08  5.38557107e-01  3.34536743e-03
 7.14971082e+08  1.03187500e+05  2.77230287e+08  5.38672258e-01  3.34422915e-03
 7.16070304e+08  1.01946913e+05  2.76619330e+08  5.38819237e-01  3.34302743e-03
 7.17169525e+08  1.00706326e+05  2.76008372e+08  5.38966216e-01  3.34182572e-03
 7.18268747e+08  9.95080738e+04  2.75411701e+08  5.39117630e-01  3.34072098e-03
 7.19367968e+08  9.83263019e+04  2.74820592e+08  5.39270771e-01  3.33965400e-03
 7.20467190e+08  9.71236708e+04  2.74216708e+08  5.39429547e-01  3.33858723e-03
 7.21566411e+08  9.58409129e+04  2.73563750e+08  5.39609968e-01  3.33752132e-03
 7.22665633e+08  9.45785666e+04  2.72920396e+08  5.39788615e-01  3.33648131e-03
 7.23764855e+08  9.34948882e+04  2.72361105e+08  5.39951736e-01  3.33566804e-03
 7.24864076e+08  9.24112099e+04  2.71801814e+08  5.40114858e-01  3.33485476e-03
 7.25963298e+08  9.13285774e+04  2.71235659e+08  5.40284912e-01  3.33410939e-03
 7.27062519e+08  9.02462676e+04  2.70667386e+08  5.40457106e-01  3.33338497e-03
 7.28161741e+08  8.91074476e+04  2.70065523e+08  5.40643049e-01  3.33265638e-03
 7.29260963e+08  8.78302488e+04  2.69381405e+08  5.40862660e-01  3.33191761e-03
 7.30360184e+08  8.66444988e+04  2.68742608e+08  5.41072650e-01  3.33127647e-03
 7.31459406e+08  8.55663174e+04  2.68157122e+08  5.41271323e-01  3.33075019e-03
 7.32558627e+08  8.45814850e+04  2.67617428e+08  5.41457265e-01  3.33032089e-03
 7.33657849e+08  8.36403805e+04  2.67099185e+08  5.41637244e-01  3.32993702e-03
 7.34757071e+08  8.27447292e+04  2.66601909e+08  5.41812660e-01  3.32961582e-03
 7.35856292e+08  8.18978148e+04  2.66127116e+08  5.41983184e-01  3.32936181e-03
 7.36955514e+08  8.10509005e+04  2.65652323e+08  5.42153707e-01  3.32910780e-03
 7.38054735e+08  8.00867338e+04  2.65106273e+08  5.42351955e-01  3.32885239e-03
 7.39153957e+08  7.86800900e+04  2.64291318e+08  5.42654825e-01  3.32859172e-03
 7.40253178e+08  7.73169972e+04  2.63496356e+08  5.42949710e-01  3.32839094e-03
 7.41352400e+08  7.62590661e+04  2.62872628e+08  5.43181437e-01  3.32831292e-03
 7.42451622e+08  7.55508516e+04  2.62452856e+08  5.43338993e-01  3.32830195e-03
 7.43550843e+08  7.47664289e+04  2.61983708e+08  5.43513143e-01  3.32831734e-03
 7.44650065e+08  7.38390672e+04  2.61421946e+08  5.43718415e-01  3.32838216e-03
 7.45749286e+08  7.28934188e+04  2.60845503e+08  5.43926392e-01  3.32847584e-03
 7.46848508e+08  7.18997793e+04  2.60230532e+08  5.44141471e-01  3.32864525e-03
 7.47947730e+08  7.10405760e+04  2.59694655e+08  5.44325408e-01  3.32884518e-03
 7.49046951e+08  7.02976028e+04  2.59227161e+08  5.44482421e-01  3.32907151e-03
 7.50146173e+08  6.95546296e+04  2.58759666e+08  5.44639434e-01  3.32929783e-03
 7.51245394e+08  6.82243888e+04  2.57897160e+08  5.44917177e-01  3.32988793e-03
 7.52344616e+08  6.74411559e+04  2.57386340e+08  5.45075042e-01  3.33032116e-03
 7.53443837e+08  6.68393769e+04  2.56992348e+08  5.45193218e-01  3.33070048e-03
 7.54543059e+08  6.62375980e+04  2.56598356e+08  5.45311394e-01  3.33107980e-03
 7.55642281e+08  6.53205264e+04  2.55977805e+08  5.45490332e-01  3.33186083e-03
 7.56741502e+08  6.43667075e+04  2.55330848e+08  5.45676350e-01  3.33268866e-03
 7.57840724e+08  6.33555874e+04  2.54632116e+08  5.45869857e-01  3.33376917e-03
 7.58939945e+08  6.24499444e+04  2.53999939e+08  5.46045747e-01  3.33486977e-03
 7.60039167e+08  6.17934004e+04  2.53536727e+08  5.46181605e-01  3.33581892e-03
 7.61138389e+08  6.10250435e+04  2.52989018e+08  5.46344888e-01  3.33701138e-03
 7.62237610e+08  6.00164606e+04  2.52257748e+08  5.46570626e-01  3.33877198e-03
 7.63336832e+08  5.94825430e+04  2.51866702e+08  5.46712310e-01  3.33991564e-03
 7.64436053e+08  5.89486254e+04  2.51475656e+08  5.46853994e-01  3.34105931e-03
 7.65535275e+08  5.83203283e+04  2.51008714e+08  5.47033237e-01  3.34251793e-03
 7.66634497e+08  5.74366154e+04  2.50336377e+08  5.47314123e-01  3.34482889e-03
 7.67733718e+08  5.65676803e+04  2.49671298e+08  5.47605732e-01  3.34721446e-03
 7.68832940e+08  5.57417964e+04  2.49027366e+08  5.47928582e-01  3.34981739e-03
 7.69932161e+08  5.50529535e+04  2.48483858e+08  5.48245368e-01  3.35223607e-03
 7.71031383e+08  5.44196325e+04  2.47981036e+08  5.48559697e-01  3.35458010e-03
 7.72130604e+08  5.37602436e+04  2.47447064e+08  5.48948532e-01  3.35731958e-03
 7.73229826e+08  5.30941543e+04  2.46905086e+08  5.49356519e-01  3.36016072e-03
 7.74329048e+08  5.23654846e+04  2.46299694e+08  5.49885693e-01  3.36362462e-03
 7.75428269e+08  5.16368771e+04  2.45689832e+08  5.50448427e-01  3.36722886e-03
 7.76527491e+08  5.10703329e+04  2.45206981e+08  5.50973709e-01  3.37037703e-03
 7.77626712e+08  5.05037888e+04  2.44724129e+08  5.51498991e-01  3.37352519e-03
 7.78725934e+08  4.97832981e+04  2.44093156e+08  5.52280465e-01  3.37795853e-03
 7.79825156e+08  4.90653765e+04  2.43460550e+08  5.53089977e-01  3.38249566e-03
 7.80924377e+08  4.85165440e+04  2.42968194e+08  5.53794763e-01  3.38630592e-03
 7.82023599e+08  4.79677115e+04  2.42475837e+08  5.54499550e-01  3.39011618e-03
 7.83122820e+08  4.72769017e+04  2.41837969e+08  5.55493384e-01  3.39536118e-03
 7.84222042e+08  4.66268207e+04  2.41234840e+08  5.56450726e-01  3.40040159e-03
 7.85321264e+08  4.61715807e+04  2.40805361e+08  5.57183989e-01  3.40424250e-03
 7.86420485e+08  4.57163407e+04  2.40375883e+08  5.57917251e-01  3.40808340e-03
 7.87519707e+08  4.52550166e+04  2.39940120e+08  5.58662208e-01  3.41198575e-03
 7.88618928e+08  4.43352484e+04  2.39030741e+08  5.60288350e-01  3.42051802e-03
 7.89718150e+08  4.36811394e+04  2.38380361e+08  5.61485377e-01  3.42679650e-03
 7.90817371e+08  4.32429161e+04  2.37940453e+08  5.62333687e-01  3.43124345e-03
 7.91916593e+08  4.28046928e+04  2.37500544e+08  5.63181997e-01  3.43569040e-03
 7.93015815e+08  4.20761369e+04  2.36741877e+08  5.64691587e-01  3.44361489e-03
 7.94115036e+08  4.14811029e+04  2.36118515e+08  5.65955895e-01  3.45024160e-03
 7.95214258e+08  4.10729690e+04  2.35685955e+08  5.66869533e-01  3.45501416e-03
 7.96313479e+08  4.06648350e+04  2.35253396e+08  5.67783170e-01  3.45978671e-03
 7.97412701e+08  3.99954016e+04  2.34521030e+08  5.69369868e-01  3.46798985e-03
 7.98511923e+08  3.92783004e+04  2.33726034e+08  5.71121043e-01  3.47699082e-03
 7.99611144e+08  3.88189869e+04  2.33211261e+08  5.72289907e-01  3.48294439e-03
 8.00710366e+08  3.84371935e+04  2.32777504e+08  5.73317442e-01  3.48803915e-03
 8.01809587e+08  3.80765305e+04  2.32365830e+08  5.74306453e-01  3.49289982e-03
 8.02908809e+08  3.77158674e+04  2.31954155e+08  5.75295464e-01  3.49776049e-03
 8.04008030e+08  3.72089415e+04  2.31358811e+08  5.76756857e-01  3.50475028e-03
 8.05107252e+08  3.64675204e+04  2.30468998e+08  5.78975596e-01  3.51515358e-03
 8.06206474e+08  3.59563705e+04  2.29848259e+08  5.80581130e-01  3.52239147e-03
 8.07305695e+08  3.55218558e+04  2.29317070e+08  5.81982586e-01  3.52857591e-03
 8.08404917e+08  3.49933226e+04  2.28656048e+08  5.83792411e-01  3.53615037e-03
 8.09504138e+08  3.45527587e+04  2.28100490e+08  5.85353899e-01  3.54244429e-03
 8.10603360e+08  3.42328861e+04  2.27693234e+08  5.86544519e-01  3.54697682e-03
 8.11702582e+08  3.39130135e+04  2.27285979e+08  5.87735139e-01  3.55150935e-03
 8.12801803e+08  3.35444316e+04  2.26808608e+08  5.89158116e-01  3.55670190e-03
 8.13901025e+08  3.30498091e+04  2.26149806e+08  5.91182345e-01  3.56360235e-03
 8.15000246e+08  3.25551866e+04  2.25491003e+08  5.93206573e-01  3.57050279e-03
 8.16099468e+08  3.19907562e+04  2.24718703e+08  5.95695486e-01  3.57815859e-03
 8.17198690e+08  3.14607921e+04  2.23985221e+08  5.98113765e-01  3.58521478e-03
 8.18297911e+08  3.10273404e+04  2.23376925e+08  6.00180997e-01  3.59080884e-03
 8.19397133e+08  3.06546768e+04  2.22847559e+08  6.02022542e-01  3.59548259e-03
 8.20496354e+08  3.01189382e+04  2.22073189e+08  6.04754552e-01  3.60202283e-03
 8.21595576e+08  2.96808625e+04  2.21430648e+08  6.07073798e-01  3.60714941e-03
 8.22694797e+08  2.93300962e+04  2.20909738e+08  6.08977775e-01  3.61109001e-03
 8.23794019e+08  2.89276849e+04  2.20304516e+08  6.11224523e-01  3.61546860e-03
 8.24893241e+08  2.85183741e+04  2.19680311e+08  6.13562159e-01  3.61972194e-03
 8.25992462e+08  2.81999327e+04  2.19188757e+08  6.15401466e-01  3.62286101e-03
 8.27091684e+08  2.77716002e+04  2.18518734e+08  6.17930558e-01  3.62690683e-03
 8.28190905e+08  2.74390351e+04  2.17991829e+08  6.19912549e-01  3.62985019e-03
 8.29290127e+08  2.70513108e+04  2.17369508e+08  6.22252031e-01  3.63309121e-03
 8.30389349e+08  2.67289741e+04  2.16845794e+08  6.24223972e-01  3.63560253e-03
 8.31488570e+08  2.63932119e+04  2.16293675e+08  6.26284012e-01  3.63804042e-03
 8.32587792e+08  2.60480598e+04  2.15718850e+08  6.28398619e-01  3.64034251e-03
 8.33687013e+08  2.56965103e+04  2.15125523e+08  6.30581026e-01  3.64247258e-03
 8.34786235e+08  2.53612541e+04  2.14552804e+08  6.32638104e-01  3.64429303e-03
 8.35885457e+08  2.49690271e+04  2.13873184e+08  6.35037275e-01  3.64615486e-03
 8.36984678e+08  2.47068100e+04  2.13413520e+08  6.36647172e-01  3.64720669e-03
 8.38083900e+08  2.43580274e+04  2.12794578e+08  6.38764050e-01  3.64840747e-03
 8.39183121e+08  2.40205806e+04  2.12187750e+08  6.40783936e-01  3.64930974e-03
 8.40282343e+08  2.37577398e+04  2.11710100e+08  6.42330436e-01  3.64982177e-03
 8.41381564e+08  2.33791204e+04  2.11011854e+08  6.44532967e-01  3.65028281e-03
 8.42480786e+08  2.31175620e+04  2.10524025e+08  6.46024861e-01  3.65038267e-03
 8.43580008e+08  2.28031717e+04  2.09930334e+08  6.47781618e-01  3.65027138e-03
 8.44679229e+08  2.25038996e+04  2.09358170e+08  6.49410124e-01  3.64991438e-03
 8.45778451e+08  2.22099403e+04  2.08788889e+08  6.50964736e-01  3.64930382e-03
 8.46877672e+08  2.18776187e+04  2.08137084e+08  6.52662883e-01  3.64833210e-03
 8.47976894e+08  2.16208916e+04  2.07627365e+08  6.53919117e-01  3.64732892e-03
 8.49076116e+08  2.13218789e+04  2.07026518e+08  6.55332936e-01  3.64592591e-03
 8.50175337e+08  2.10909454e+04  2.06557896e+08  6.56396670e-01  3.64463647e-03
 8.51274559e+08  2.07448070e+04  2.05844718e+08  6.57893051e-01  3.64239471e-03
 8.52373780e+08  2.05167055e+04  2.05369878e+08  6.58834832e-01  3.64069866e-03
 8.53473002e+08  2.01903134e+04  2.04680520e+08  6.60116768e-01  3.63798288e-03
 8.54572223e+08  1.99251439e+04  2.04113338e+08  6.61095243e-01  3.63551006e-03
 8.55671445e+08  1.96943852e+04  2.03614330e+08  6.61900376e-01  3.63317722e-03
 8.56770667e+08  1.93909920e+04  2.02949678e+08  6.62906865e-01  3.62986621e-03
 8.57869888e+08  1.91814500e+04  2.02485745e+08  6.63561664e-01  3.62742096e-03
 8.58969110e+08  1.89195277e+04  2.01898353e+08  6.64344540e-01  3.62417046e-03
 8.60068331e+08  1.86387362e+04  2.01260526e+08  6.65139190e-01  3.62049751e-03
 8.61167553e+08  1.83996552e+04  2.00710750e+08  6.65784657e-01  3.61721553e-03
 8.62266775e+08  1.81795677e+04  2.00199035e+08  6.66355938e-01  3.61407344e-03
 8.63365996e+08  1.79176477e+04  1.99582271e+08  6.67011516e-01  3.61020458e-03
 8.64465218e+08  1.76860795e+04  1.99030426e+08  6.67574445e-01  3.60671106e-03
 8.65564439e+08  1.74239753e+04  1.98397432e+08  6.68193014e-01  3.60264323e-03
 8.66663661e+08  1.72207623e+04  1.97901032e+08  6.68673075e-01  3.59943589e-03
 8.67762883e+08  1.69646163e+04  1.97267441e+08  6.69280139e-01  3.59536398e-03
 8.68862104e+08  1.67655413e+04  1.96769218e+08  6.69746531e-01  3.59217970e-03
 8.69961326e+08  1.65161356e+04  1.96137205e+08  6.70342078e-01  3.58819054e-03
 8.71060547e+08  1.63093544e+04  1.95606705e+08  6.70846902e-01  3.58489540e-03
 8.72159769e+08  1.61253549e+04  1.95130104e+08  6.71302557e-01  3.58197981e-03
 8.73258990e+08  1.58631675e+04  1.94440767e+08  6.71986014e-01  3.57791562e-03
 8.74358212e+08  1.56976761e+04  1.94001641e+08  6.72422202e-01  3.57538424e-03
 8.75457434e+08  1.54545787e+04  1.93346729e+08  6.73096793e-01  3.57177244e-03
 8.76556655e+08  1.52516551e+04  1.92793678e+08  6.73693580e-01  3.56885162e-03
 8.77655877e+08  1.50297383e+04  1.92181188e+08  6.74367322e-01  3.56576198e-03
 8.78755098e+08  1.48531887e+04  1.91688644e+08  6.74932327e-01  3.56339426e-03
 8.79854320e+08  1.46256700e+04  1.91045080e+08  6.75705080e-01  3.56049420e-03
#Mass: 0.863576408015 Msun carved out from a 0.904614151878,from an initial 4.0