# Radius dens temp c12 ne22
800
 1.73754120e+06  1.94417040e+07  1.49031690e+08  3.54073630e-01  3.64930420e-03
 2.69381349e+06  1.94403234e+07  1.49032863e+08  3.54073630e-01  3.64930420e-03
 3.65008578e+06  1.94385731e+07  1.49034353e+08  3.54073630e-01  3.64930420e-03
 4.60635807e+06  1.94363091e+07  1.49036284e+08  3.54073630e-01  3.64930420e-03
 5.56263036e+06  1.94335892e+07  1.49038598e+08  3.54073630e-01  3.64930420e-03
 6.51890264e+06  1.94302058e+07  1.49041485e+08  3.54073630e-01  3.64930420e-03
 7.47517493e+06  1.94263413e+07  1.49044781e+08  3.54073630e-01  3.64930423e-03
 8.43144722e+06  1.94220796e+07  1.49048415e+08  3.54073630e-01  3.64930428e-03
 9.38771951e+06  1.94170915e+07  1.49052676e+08  3.54073630e-01  3.64930430e-03
 1.03439918e+07  1.94117251e+07  1.49057264e+08  3.54073630e-01  3.64930430e-03
 1.13002641e+07  1.94058580e+07  1.49062284e+08  3.54073630e-01  3.64930430e-03
 1.22565364e+07  1.93986704e+07  1.49068447e+08  3.54073630e-01  3.64930430e-03
 1.32128087e+07  1.93914829e+07  1.49074610e+08  3.54073630e-01  3.64930430e-03
 1.41690810e+07  1.93820552e+07  1.49082730e+08  3.54073624e-01  3.64930436e-03
 1.51253532e+07  1.93728223e+07  1.49090688e+08  3.54073620e-01  3.64930441e-03
 1.60816255e+07  1.93644716e+07  1.49097903e+08  3.54073620e-01  3.64930445e-03
 1.70378978e+07  1.93561208e+07  1.49105117e+08  3.54073620e-01  3.64930449e-03
 1.79941701e+07  1.93467044e+07  1.49113287e+08  3.54073620e-01  3.64930452e-03
 1.89504424e+07  1.93366343e+07  1.49122043e+08  3.54073620e-01  3.64930454e-03
 1.99067147e+07  1.93265642e+07  1.49130799e+08  3.54073620e-01  3.64930457e-03
 2.08629870e+07  1.93164942e+07  1.49139556e+08  3.54073620e-01  3.64930460e-03
 2.18192593e+07  1.93043533e+07  1.49150227e+08  3.54073620e-01  3.64930464e-03
 2.27755316e+07  1.92919856e+07  1.49161109e+08  3.54073620e-01  3.64930468e-03
 2.37318038e+07  1.92796179e+07  1.49171990e+08  3.54073620e-01  3.64930472e-03
 2.46880761e+07  1.92672502e+07  1.49182871e+08  3.54073620e-01  3.64930476e-03
 2.56443484e+07  1.92548825e+07  1.49193753e+08  3.54073620e-01  3.64930480e-03
 2.66006207e+07  1.92399228e+07  1.49207185e+08  3.54073619e-01  3.64930485e-03
 2.75568930e+07  1.92245938e+07  1.49220981e+08  3.54073617e-01  3.64930491e-03
 2.85131653e+07  1.92092647e+07  1.49234778e+08  3.54073616e-01  3.64930497e-03
 2.94694376e+07  1.91939357e+07  1.49248574e+08  3.54073614e-01  3.64930504e-03
 3.04257099e+07  1.91786066e+07  1.49262370e+08  3.54073613e-01  3.64930510e-03
 3.13819822e+07  1.91632776e+07  1.49276166e+08  3.54073611e-01  3.64930516e-03
 3.23382544e+07  1.91468945e+07  1.49291129e+08  3.54073610e-01  3.64930522e-03
 3.32945267e+07  1.91278386e+07  1.49309053e+08  3.54073608e-01  3.64930531e-03
 3.42507990e+07  1.91087827e+07  1.49326977e+08  3.54073607e-01  3.64930539e-03
 3.52070713e+07  1.90897267e+07  1.49344901e+08  3.54073606e-01  3.64930547e-03
 3.61633436e+07  1.90706708e+07  1.49362825e+08  3.54073605e-01  3.64930555e-03
 3.71196159e+07  1.90516149e+07  1.49380749e+08  3.54073604e-01  3.64930563e-03
 3.80758882e+07  1.90325590e+07  1.49398673e+08  3.54073603e-01  3.64930572e-03
 3.90321605e+07  1.90135031e+07  1.49416597e+08  3.54073601e-01  3.64930580e-03
 3.99884328e+07  1.89944471e+07  1.49434521e+08  3.54073600e-01  3.64930588e-03
 4.09447050e+07  1.89712319e+07  1.49457799e+08  3.54073599e-01  3.64930598e-03
 4.19009773e+07  1.89467833e+07  1.49482666e+08  3.54073598e-01  3.64930609e-03
 4.28572496e+07  1.89223347e+07  1.49507533e+08  3.54073597e-01  3.64930620e-03
 4.38135219e+07  1.88978861e+07  1.49532399e+08  3.54073596e-01  3.64930630e-03
 4.47697942e+07  1.88734375e+07  1.49557266e+08  3.54073595e-01  3.64930641e-03
 4.57260665e+07  1.88489889e+07  1.49582132e+08  3.54073594e-01  3.64930652e-03
 4.66823388e+07  1.88245403e+07  1.49606999e+08  3.54073593e-01  3.64930662e-03
 4.76386111e+07  1.88000917e+07  1.49631865e+08  3.54073592e-01  3.64930673e-03
 4.85948834e+07  1.87756431e+07  1.49656732e+08  3.54073591e-01  3.64930684e-03
 4.95511556e+07  1.87462990e+07  1.49687298e+08  3.54073589e-01  3.64930698e-03
 5.05074279e+07  1.87097956e+07  1.49726200e+08  3.54073585e-01  3.64930716e-03
 5.14637002e+07  1.86732921e+07  1.49765102e+08  3.54073582e-01  3.64930735e-03
 5.24199725e+07  1.86367887e+07  1.49804004e+08  3.54073578e-01  3.64930754e-03
 5.33762448e+07  1.86002853e+07  1.49842906e+08  3.54073575e-01  3.64930773e-03
 5.43325171e+07  1.85637818e+07  1.49881808e+08  3.54073571e-01  3.64930792e-03
 5.52887894e+07  1.85321496e+07  1.49914773e+08  3.54073569e-01  3.64930808e-03
 5.62450617e+07  1.85043147e+07  1.49943108e+08  3.54073567e-01  3.64930821e-03
 5.72013340e+07  1.84764798e+07  1.49971444e+08  3.54073565e-01  3.64930835e-03
 5.81576062e+07  1.84486449e+07  1.49999780e+08  3.54073563e-01  3.64930849e-03
 5.91138785e+07  1.84208101e+07  1.50028115e+08  3.54073561e-01  3.64930863e-03
 6.00701508e+07  1.83929752e+07  1.50056451e+08  3.54073559e-01  3.64930876e-03
 6.10264231e+07  1.83651403e+07  1.50084787e+08  3.54073557e-01  3.64930890e-03
 6.19826954e+07  1.83373054e+07  1.50113122e+08  3.54073555e-01  3.64930904e-03
 6.29389677e+07  1.83094706e+07  1.50141458e+08  3.54073553e-01  3.64930917e-03
 6.38952400e+07  1.82816357e+07  1.50169794e+08  3.54073551e-01  3.64930931e-03
 6.48515123e+07  1.82511667e+07  1.50202046e+08  3.54073549e-01  3.64930956e-03
 6.58077846e+07  1.82158449e+07  1.50241515e+08  3.54073545e-01  3.64931003e-03
 6.67640568e+07  1.81805231e+07  1.50280983e+08  3.54073541e-01  3.64931050e-03
 6.77203291e+07  1.81452013e+07  1.50320451e+08  3.54073537e-01  3.64931096e-03
 6.86766014e+07  1.81098795e+07  1.50359920e+08  3.54073533e-01  3.64931143e-03
 6.96328737e+07  1.80745577e+07  1.50399388e+08  3.54073529e-01  3.64931189e-03
 7.05891460e+07  1.80392359e+07  1.50438856e+08  3.54073525e-01  3.64931236e-03
 7.15454183e+07  1.80039141e+07  1.50478325e+08  3.54073521e-01  3.64931283e-03
 7.25016906e+07  1.79685923e+07  1.50517793e+08  3.54073518e-01  3.64931329e-03
 7.34579629e+07  1.79332705e+07  1.50557262e+08  3.54073514e-01  3.64931376e-03
 7.44142352e+07  1.78979487e+07  1.50596730e+08  3.54073510e-01  3.64931422e-03
 7.53705074e+07  1.78626269e+07  1.50636198e+08  3.54073506e-01  3.64931469e-03
 7.63267797e+07  1.78273051e+07  1.50675667e+08  3.54073502e-01  3.64931516e-03
 7.72830520e+07  1.77867649e+07  1.50720069e+08  3.54073497e-01  3.64931608e-03
 7.82393243e+07  1.77404497e+07  1.50769931e+08  3.54073491e-01  3.64931753e-03
 7.91955966e+07  1.76941344e+07  1.50819793e+08  3.54073484e-01  3.64931897e-03
 8.01518689e+07  1.76478191e+07  1.50869656e+08  3.54073478e-01  3.64932041e-03
 8.11081412e+07  1.76015039e+07  1.50919518e+08  3.54073471e-01  3.64932185e-03
 8.20644135e+07  1.75551886e+07  1.50969380e+08  3.54073465e-01  3.64932329e-03
 8.30206858e+07  1.75088733e+07  1.51019242e+08  3.54073459e-01  3.64932473e-03
 8.39769580e+07  1.74625580e+07  1.51069105e+08  3.54073452e-01  3.64932617e-03
 8.49332303e+07  1.74162428e+07  1.51118967e+08  3.54073446e-01  3.64932762e-03
 8.58895026e+07  1.73699275e+07  1.51168829e+08  3.54073439e-01  3.64932906e-03
 8.68457749e+07  1.73236122e+07  1.51218691e+08  3.54073433e-01  3.64933050e-03
 8.78020472e+07  1.72707496e+07  1.51283325e+08  3.54073423e-01  3.64933341e-03
 8.87583195e+07  1.72116786e+07  1.51361966e+08  3.54073410e-01  3.64933772e-03
 8.97145918e+07  1.71526075e+07  1.51440607e+08  3.54073397e-01  3.64934203e-03
 9.06708641e+07  1.70935365e+07  1.51519248e+08  3.54073384e-01  3.64934634e-03
 9.16271364e+07  1.70344655e+07  1.51597889e+08  3.54073371e-01  3.64935065e-03
 9.25834086e+07  1.69753945e+07  1.51676530e+08  3.54073358e-01  3.64935495e-03
 9.35396809e+07  1.69163234e+07  1.51755171e+08  3.54073346e-01  3.64935926e-03
 9.44959532e+07  1.68599889e+07  1.51833578e+08  3.54073334e-01  3.64936307e-03
 9.54522255e+07  1.68056871e+07  1.51911810e+08  3.54073324e-01  3.64936651e-03
 9.64084978e+07  1.67513854e+07  1.51990043e+08  3.54073313e-01  3.64936995e-03
 9.73647701e+07  1.66970836e+07  1.52068275e+08  3.54073303e-01  3.64937339e-03
 9.83210424e+07  1.66427818e+07  1.52146507e+08  3.54073293e-01  3.64937682e-03
 9.92773147e+07  1.65884801e+07  1.52224739e+08  3.54073283e-01  3.64938026e-03
 1.00233587e+08  1.65394633e+07  1.52297593e+08  3.54073272e-01  3.64938283e-03
 1.01189859e+08  1.64921501e+07  1.52368714e+08  3.54073261e-01  3.64938512e-03
 1.02146132e+08  1.64448369e+07  1.52439834e+08  3.54073250e-01  3.64938742e-03
 1.03102404e+08  1.63975237e+07  1.52510955e+08  3.54073239e-01  3.64938971e-03
 1.04058676e+08  1.63502106e+07  1.52582075e+08  3.54073227e-01  3.64939200e-03
 1.05014948e+08  1.63028974e+07  1.52653195e+08  3.54073216e-01  3.64939429e-03
 1.05971221e+08  1.62555842e+07  1.52724316e+08  3.54073205e-01  3.64939658e-03
 1.06927493e+08  1.62057306e+07  1.52800836e+08  3.54073192e-01  3.64939964e-03
 1.07883765e+08  1.61534641e+07  1.52882486e+08  3.54073177e-01  3.64940342e-03
 1.08840038e+08  1.61011976e+07  1.52964135e+08  3.54073161e-01  3.64940719e-03
 1.09796310e+08  1.60489311e+07  1.53045785e+08  3.54073146e-01  3.64941097e-03
 1.10752582e+08  1.59966646e+07  1.53127434e+08  3.54073130e-01  3.64941475e-03
 1.11708854e+08  1.59443982e+07  1.53209084e+08  3.54073115e-01  3.64941853e-03
 1.12665127e+08  1.58921317e+07  1.53290733e+08  3.54073100e-01  3.64942230e-03
 1.13621399e+08  1.58398652e+07  1.53372383e+08  3.54073084e-01  3.64942608e-03
 1.14577671e+08  1.57784085e+07  1.53476450e+08  3.54073065e-01  3.64943099e-03
 1.15533944e+08  1.57135627e+07  1.53588784e+08  3.54073044e-01  3.64943632e-03
 1.16490216e+08  1.56487170e+07  1.53701118e+08  3.54073023e-01  3.64944165e-03
 1.17446488e+08  1.55838713e+07  1.53813452e+08  3.54073002e-01  3.64944698e-03
 1.18402760e+08  1.55190256e+07  1.53925786e+08  3.54072981e-01  3.64945231e-03
 1.19359033e+08  1.54541798e+07  1.54038120e+08  3.54072960e-01  3.64945764e-03
 1.20315305e+08  1.53975002e+07  1.54143536e+08  3.54072938e-01  3.64946319e-03
 1.21271577e+08  1.53409088e+07  1.54248879e+08  3.54072916e-01  3.64946875e-03
 1.22227850e+08  1.52843174e+07  1.54354221e+08  3.54072894e-01  3.64947430e-03
 1.23184122e+08  1.52277259e+07  1.54459563e+08  3.54072871e-01  3.64947985e-03
 1.24140394e+08  1.51711345e+07  1.54564905e+08  3.54072849e-01  3.64948540e-03
 1.25096666e+08  1.51148789e+07  1.54670399e+08  3.54072827e-01  3.64949079e-03
 1.26052939e+08  1.50607503e+07  1.54776857e+08  3.54072805e-01  3.64949516e-03
 1.27009211e+08  1.50066217e+07  1.54883316e+08  3.54072784e-01  3.64949952e-03
 1.27965483e+08  1.49524930e+07  1.54989775e+08  3.54072762e-01  3.64950388e-03
 1.28921756e+08  1.48983644e+07  1.55096233e+08  3.54072740e-01  3.64950825e-03
 1.29878028e+08  1.48442358e+07  1.55202692e+08  3.54072718e-01  3.64951261e-03
 1.30834300e+08  1.47901071e+07  1.55309150e+08  3.54072697e-01  3.64951697e-03
 1.31790572e+08  1.47355202e+07  1.55418241e+08  3.54072673e-01  3.64952167e-03
 1.32746845e+08  1.46794562e+07  1.55535815e+08  3.54072645e-01  3.64952747e-03
 1.33703117e+08  1.46233922e+07  1.55653388e+08  3.54072617e-01  3.64953327e-03
 1.34659389e+08  1.45673281e+07  1.55770962e+08  3.54072589e-01  3.64953907e-03
 1.35615662e+08  1.45112641e+07  1.55888536e+08  3.54072561e-01  3.64954487e-03
 1.36571934e+08  1.44552001e+07  1.56006109e+08  3.54072533e-01  3.64955066e-03
 1.37528206e+08  1.43991360e+07  1.56123683e+08  3.54072505e-01  3.64955646e-03
 1.38484479e+08  1.43430720e+07  1.56241257e+08  3.54072477e-01  3.64956226e-03
 1.39440751e+08  1.42756277e+07  1.56389881e+08  3.54072438e-01  3.64957044e-03
 1.40397023e+08  1.41915778e+07  1.56583814e+08  3.54072384e-01  3.64958210e-03
 1.41353295e+08  1.41075279e+07  1.56777747e+08  3.54072330e-01  3.64959376e-03
 1.42309568e+08  1.40234779e+07  1.56971680e+08  3.54072276e-01  3.64960543e-03
 1.43265840e+08  1.39435286e+07  1.57157654e+08  3.54072224e-01  3.64961642e-03
 1.44222112e+08  1.38862254e+07  1.57299674e+08  3.54072185e-01  3.64962375e-03
 1.45178385e+08  1.38289222e+07  1.57441694e+08  3.54072145e-01  3.64963107e-03
 1.46134657e+08  1.37716190e+07  1.57583714e+08  3.54072106e-01  3.64963839e-03
 1.47090929e+08  1.37143158e+07  1.57725734e+08  3.54072066e-01  3.64964571e-03
 1.48047201e+08  1.36602995e+07  1.57862851e+08  3.54072028e-01  3.64965246e-03
 1.49003474e+08  1.36128769e+07  1.57990131e+08  3.54071991e-01  3.64965805e-03
 1.49959746e+08  1.35654543e+07  1.58117412e+08  3.54071954e-01  3.64966364e-03
 1.50916018e+08  1.35180316e+07  1.58244692e+08  3.54071917e-01  3.64966923e-03
 1.51872291e+08  1.34706090e+07  1.58371973e+08  3.54071881e-01  3.64967482e-03
 1.52828563e+08  1.34231864e+07  1.58499253e+08  3.54071844e-01  3.64968041e-03
 1.53784835e+08  1.33757638e+07  1.58626533e+08  3.54071807e-01  3.64968600e-03
 1.54741107e+08  1.33283412e+07  1.58753814e+08  3.54071770e-01  3.64969159e-03
 1.55697380e+08  1.32809186e+07  1.58881094e+08  3.54071734e-01  3.64969718e-03
 1.56653652e+08  1.32308723e+07  1.59017670e+08  3.54071693e-01  3.64970382e-03
 1.57609924e+08  1.31523997e+07  1.59254958e+08  3.54071609e-01  3.64972184e-03
 1.58566197e+08  1.30739270e+07  1.59492246e+08  3.54071525e-01  3.64973986e-03
 1.59522469e+08  1.29954543e+07  1.59729534e+08  3.54071441e-01  3.64975789e-03
 1.60478741e+08  1.29169817e+07  1.59966822e+08  3.54071357e-01  3.64977591e-03
 1.61435013e+08  1.28385090e+07  1.60204109e+08  3.54071272e-01  3.64979393e-03
 1.62391286e+08  1.27646500e+07  1.60430496e+08  3.54071193e-01  3.64980919e-03
 1.63347558e+08  1.27040636e+07  1.60625520e+08  3.54071129e-01  3.64981653e-03
 1.64303830e+08  1.26434772e+07  1.60820545e+08  3.54071064e-01  3.64982387e-03
 1.65260103e+08  1.25828908e+07  1.61015569e+08  3.54071000e-01  3.64983121e-03
 1.66216375e+08  1.25223044e+07  1.61210594e+08  3.54070936e-01  3.64983854e-03
 1.67172647e+08  1.24617180e+07  1.61405618e+08  3.54070871e-01  3.64984588e-03
 1.68128919e+08  1.23968737e+07  1.61618974e+08  3.54070795e-01  3.64985615e-03
 1.69085192e+08  1.23157292e+07  1.61902508e+08  3.54070675e-01  3.64987762e-03
 1.70041464e+08  1.22345848e+07  1.62186042e+08  3.54070554e-01  3.64989909e-03
 1.70997736e+08  1.21534403e+07  1.62469576e+08  3.54070434e-01  3.64992057e-03
 1.71954009e+08  1.20872885e+07  1.62706606e+08  3.54070328e-01  3.64994058e-03
 1.72910281e+08  1.20333376e+07  1.62905791e+08  3.54070235e-01  3.64995940e-03
 1.73866553e+08  1.19793868e+07  1.63104976e+08  3.54070141e-01  3.64997822e-03
 1.74822825e+08  1.19254360e+07  1.63304161e+08  3.54070048e-01  3.64999705e-03
 1.75779098e+08  1.18714852e+07  1.63503346e+08  3.54069954e-01  3.65001587e-03
 1.76735370e+08  1.18153144e+07  1.63721609e+08  3.54069861e-01  3.65002793e-03
 1.77691642e+08  1.17578798e+07  1.63950734e+08  3.54069767e-01  3.65003613e-03
 1.78647915e+08  1.17004451e+07  1.64179859e+08  3.54069674e-01  3.65004434e-03
 1.79604187e+08  1.16430105e+07  1.64408983e+08  3.54069581e-01  3.65005255e-03
 1.80560459e+08  1.15855758e+07  1.64638108e+08  3.54069487e-01  3.65006075e-03
 1.81516732e+08  1.15281411e+07  1.64867233e+08  3.54069394e-01  3.65006896e-03
 1.82473004e+08  1.14676243e+07  1.65128408e+08  3.54069251e-01  3.65009473e-03
 1.83429276e+08  1.14069732e+07  1.65390980e+08  3.54069105e-01  3.65012128e-03
 1.84385548e+08  1.13463220e+07  1.65653552e+08  3.54068959e-01  3.65014782e-03
 1.85341821e+08  1.12856709e+07  1.65916124e+08  3.54068814e-01  3.65017436e-03
 1.86298093e+08  1.12250198e+07  1.66178696e+08  3.54068668e-01  3.65020091e-03
 1.87254365e+08  1.11628677e+07  1.66452561e+08  3.54068520e-01  3.65022564e-03
 1.88210638e+08  1.10941703e+07  1.66775672e+08  3.54068359e-01  3.65024246e-03
 1.89166910e+08  1.10254729e+07  1.67098783e+08  3.54068199e-01  3.65025928e-03
 1.90123182e+08  1.09567755e+07  1.67421894e+08  3.54068038e-01  3.65027610e-03
 1.91079454e+08  1.08880781e+07  1.67745005e+08  3.54067877e-01  3.65029293e-03
 1.92035727e+08  1.08191130e+07  1.68084452e+08  3.54067684e-01  3.65032464e-03
 1.92991999e+08  1.07500004e+07  1.68432895e+08  3.54067472e-01  3.65036454e-03
 1.93948271e+08  1.06808877e+07  1.68781337e+08  3.54067261e-01  3.65040445e-03
 1.94904544e+08  1.06141213e+07  1.69120092e+08  3.54067053e-01  3.65044264e-03
 1.95860816e+08  1.05612742e+07  1.69401368e+08  3.54066867e-01  3.65047066e-03
 1.96817088e+08  1.05084271e+07  1.69682645e+08  3.54066682e-01  3.65049869e-03
 1.97773360e+08  1.04555800e+07  1.69963921e+08  3.54066496e-01  3.65052671e-03
 1.98729633e+08  1.04027329e+07  1.70245198e+08  3.54066310e-01  3.65055473e-03
 1.99685905e+08  1.03492897e+07  1.70541006e+08  3.54066121e-01  3.65057849e-03
 2.00642177e+08  1.02952868e+07  1.70850458e+08  3.54065928e-01  3.65059824e-03
 2.01598450e+08  1.02412839e+07  1.71159910e+08  3.54065735e-01  3.65061799e-03
 2.02554722e+08  1.01872810e+07  1.71469363e+08  3.54065543e-01  3.65063774e-03
 2.03510994e+08  1.01332781e+07  1.71778815e+08  3.54065350e-01  3.65065749e-03
 2.04467266e+08  1.00792752e+07  1.72088267e+08  3.54065158e-01  3.65067724e-03
 2.05423539e+08  1.00115204e+07  1.72508113e+08  3.54064851e-01  3.65072518e-03
 2.06379811e+08  9.94042544e+06  1.72954771e+08  3.54064516e-01  3.65077996e-03
 2.07336083e+08  9.86933052e+06  1.73401429e+08  3.54064181e-01  3.65083474e-03
 2.08292356e+08  9.79823560e+06  1.73848087e+08  3.54063846e-01  3.65088952e-03
 2.09248628e+08  9.71761296e+06  1.74382035e+08  3.54063459e-01  3.65093584e-03
 2.10204900e+08  9.63465616e+06  1.74937368e+08  3.54063060e-01  3.65098009e-03
 2.11161172e+08  9.57393409e+06  1.75350916e+08  3.54062749e-01  3.65101770e-03
 2.12117445e+08  9.52521733e+06  1.75687909e+08  3.54062485e-01  3.65105174e-03
 2.13073717e+08  9.47650057e+06  1.76024902e+08  3.54062221e-01  3.65108578e-03
 2.14029989e+08  9.42947364e+06  1.76357719e+08  3.54061949e-01  3.65112247e-03
 2.14986262e+08  9.38439294e+06  1.76685727e+08  3.54061668e-01  3.65116222e-03
 2.15942534e+08  9.33931225e+06  1.77013735e+08  3.54061387e-01  3.65120196e-03
 2.16898806e+08  9.29423156e+06  1.77341742e+08  3.54061106e-01  3.65124171e-03
 2.17855078e+08  9.24915086e+06  1.77669750e+08  3.54060825e-01  3.65128145e-03
 2.18811351e+08  9.20407017e+06  1.77997758e+08  3.54060544e-01  3.65132120e-03
 2.19767623e+08  9.14335407e+06  1.78475357e+08  3.54060130e-01  3.65137516e-03
 2.20723895e+08  9.07799253e+06  1.78997402e+08  3.54059675e-01  3.65143335e-03
 2.21680168e+08  9.01263100e+06  1.79519446e+08  3.54059221e-01  3.65149153e-03
 2.22636440e+08  8.94726946e+06  1.80041491e+08  3.54058767e-01  3.65154972e-03
 2.23592712e+08  8.87749569e+06  1.80617919e+08  3.54058250e-01  3.65161620e-03
 2.24548985e+08  8.80199046e+06  1.81264991e+08  3.54057651e-01  3.65169344e-03
 2.25505257e+08  8.72648523e+06  1.81912063e+08  3.54057053e-01  3.65177067e-03
 2.26461529e+08  8.66464423e+06  1.82461468e+08  3.54056512e-01  3.65184386e-03
 2.27417801e+08  8.60440959e+06  1.82999392e+08  3.54055977e-01  3.65191656e-03
 2.28374074e+08  8.55869954e+06  1.83416806e+08  3.54055556e-01  3.65197153e-03
 2.29330346e+08  8.51851569e+06  1.83788368e+08  3.54055178e-01  3.65201974e-03
 2.30286618e+08  8.47833185e+06  1.84159930e+08  3.54054800e-01  3.65206795e-03
 2.31242891e+08  8.43814800e+06  1.84531492e+08  3.54054423e-01  3.65211617e-03
 2.32199163e+08  8.39796415e+06  1.84903054e+08  3.54054045e-01  3.65216438e-03
 2.33155435e+08  8.34758384e+06  1.85406375e+08  3.54053526e-01  3.65222399e-03
 2.34111707e+08  8.29617532e+06  1.85922982e+08  3.54052993e-01  3.65228475e-03
 2.35067980e+08  8.24476680e+06  1.86439589e+08  3.54052459e-01  3.65234550e-03
 2.36024252e+08  8.19335828e+06  1.86956196e+08  3.54051926e-01  3.65240626e-03
 2.36980524e+08  8.14194976e+06  1.87472804e+08  3.54051393e-01  3.65246701e-03
 2.37936797e+08  8.07640508e+06  1.88170986e+08  3.54050644e-01  3.65255703e-03
 2.38893069e+08  7.99708274e+06  1.89046139e+08  3.54049684e-01  3.65267557e-03
 2.39849341e+08  7.91776039e+06  1.89921293e+08  3.54048725e-01  3.65279412e-03
 2.40805613e+08  7.86652395e+06  1.90503443e+08  3.54048058e-01  3.65287686e-03
 2.41761886e+08  7.82290184e+06  1.91006157e+08  3.54047472e-01  3.65294990e-03
 2.42718158e+08  7.77927974e+06  1.91508871e+08  3.54046885e-01  3.65302295e-03
 2.43674430e+08  7.73565763e+06  1.92011585e+08  3.54046298e-01  3.65309599e-03
 2.44630703e+08  7.68620880e+06  1.92608804e+08  3.54045590e-01  3.65318262e-03
 2.45586975e+08  7.63278683e+06  1.93270465e+08  3.54044800e-01  3.65327853e-03
 2.46543247e+08  7.57936486e+06  1.93932125e+08  3.54044010e-01  3.65337443e-03
 2.47499519e+08  7.52594289e+06  1.94593785e+08  3.54043220e-01  3.65347034e-03
 2.48455792e+08  7.47548901e+06  1.95244326e+08  3.54042415e-01  3.65356848e-03
 2.49412064e+08  7.42684780e+06  1.95888076e+08  3.54041601e-01  3.65366800e-03
 2.50368336e+08  7.37820658e+06  1.96531827e+08  3.54040788e-01  3.65376751e-03
 2.51324609e+08  7.32956537e+06  1.97175578e+08  3.54039974e-01  3.65386703e-03
 2.52280881e+08  7.27949568e+06  1.97849559e+08  3.54039116e-01  3.65397200e-03
 2.53237153e+08  7.22357915e+06  1.98647273e+08  3.54038080e-01  3.65409932e-03
 2.54193425e+08  7.16766262e+06  1.99444987e+08  3.54037043e-01  3.65422664e-03
 2.55149698e+08  7.11174609e+06  2.00242701e+08  3.54036006e-01  3.65435395e-03
 2.56105970e+08  7.04960986e+06  2.01164019e+08  3.54034795e-01  3.65450034e-03
 2.57062242e+08  6.98295929e+06  2.02175050e+08  3.54033459e-01  3.65466058e-03
 2.58018515e+08  6.92986942e+06  2.02988582e+08  3.54032366e-01  3.65479116e-03
 2.58974787e+08  6.89403531e+06  2.03550799e+08  3.54031585e-01  3.65488402e-03
 2.59931059e+08  6.85820121e+06  2.04113016e+08  3.54030803e-01  3.65497688e-03
 2.60887331e+08  6.82236711e+06  2.04675234e+08  3.54030022e-01  3.65506974e-03
 2.61843604e+08  6.78653300e+06  2.05237451e+08  3.54029240e-01  3.65516260e-03
 2.62799876e+08  6.74025884e+06  2.06012643e+08  3.54028151e-01  3.65528985e-03
 2.63756148e+08  6.69013857e+06  2.06866294e+08  3.54026949e-01  3.65542978e-03
 2.64712421e+08  6.64001830e+06  2.07719946e+08  3.54025747e-01  3.65556970e-03
 2.65668693e+08  6.58989804e+06  2.08573598e+08  3.54024544e-01  3.65570962e-03
 2.66624965e+08  6.53963949e+06  2.09454124e+08  3.54023291e-01  3.65585456e-03
 2.67581238e+08  6.48914821e+06  2.10379884e+08  3.54021954e-01  3.65600793e-03
 2.68537510e+08  6.43865692e+06  2.11305644e+08  3.54020616e-01  3.65616130e-03
 2.69493782e+08  6.38816563e+06  2.12231404e+08  3.54019278e-01  3.65631467e-03
 2.70450054e+08  6.33195236e+06  2.13302739e+08  3.54017711e-01  3.65649309e-03
 2.71406327e+08  6.27082871e+06  2.14499000e+08  3.54015948e-01  3.65669300e-03
 2.72362599e+08  6.21372758e+06  2.15622256e+08  3.54014284e-01  3.65688153e-03
 2.73318871e+08  6.17381040e+06  2.16433642e+08  3.54013041e-01  3.65702141e-03
 2.74275144e+08  6.13389322e+06  2.17245028e+08  3.54011797e-01  3.65716128e-03
 2.75231416e+08  6.09397604e+06  2.18056414e+08  3.54010554e-01  3.65730116e-03
 2.76187688e+08  6.04664900e+06  2.19071855e+08  3.54009004e-01  3.65747322e-03
 2.77143960e+08  5.99929845e+06  2.20087944e+08  3.54007453e-01  3.65764539e-03
 2.78100233e+08  5.95205221e+06  2.21105189e+08  3.54005900e-01  3.65781671e-03
 2.79056505e+08  5.90619051e+06  2.22137774e+08  3.54004335e-01  3.65797672e-03
 2.80012777e+08  5.86032882e+06  2.23170360e+08  3.54002769e-01  3.65813673e-03
 2.80969050e+08  5.81545251e+06  2.24193568e+08  3.54001206e-01  3.65829532e-03
 2.81925322e+08  5.77297115e+06  2.25193986e+08  3.53999647e-01  3.65845046e-03
 2.82881594e+08  5.73048980e+06  2.26194403e+08  3.53998088e-01  3.65860560e-03
 2.83837866e+08  5.68835812e+06  2.27200738e+08  3.53996499e-01  3.65876801e-03
 2.84794139e+08  5.64706021e+06  2.28221185e+08  3.53994838e-01  3.65894775e-03
 2.85750411e+08  5.60576231e+06  2.29241631e+08  3.53993178e-01  3.65912750e-03
 2.86706683e+08  5.56446440e+06  2.30262078e+08  3.53991517e-01  3.65930724e-03
 2.87662956e+08  5.52194896e+06  2.31368150e+08  3.53989631e-01  3.65952015e-03
 2.88619228e+08  5.47939827e+06  2.32476702e+08  3.53987738e-01  3.65973402e-03
 2.89575500e+08  5.43684757e+06  2.33585254e+08  3.53985846e-01  3.65994789e-03
 2.90531772e+08  5.39170035e+06  2.34802578e+08  3.53983700e-01  3.66019350e-03
 2.91488045e+08  5.34497322e+06  2.36086086e+08  3.53981399e-01  3.66045842e-03
 2.92444317e+08  5.29824609e+06  2.37369594e+08  3.53979098e-01  3.66072334e-03
 2.93400589e+08  5.25845182e+06  2.38503110e+08  3.53976976e-01  3.66096234e-03
 2.94356862e+08  5.21953501e+06  2.39617643e+08  3.53974876e-01  3.66119805e-03
 2.95313134e+08  5.18061820e+06  2.40732176e+08  3.53972775e-01  3.66143377e-03
 2.96269406e+08  5.13966753e+06  2.41950670e+08  3.53970436e-01  3.66168871e-03
 2.97225678e+08  5.09813790e+06  2.43198759e+08  3.53968027e-01  3.66194912e-03
 2.98181951e+08  5.05660826e+06  2.44446848e+08  3.53965619e-01  3.66220954e-03
 2.99138223e+08  5.01414891e+06  2.45769658e+08  3.53962933e-01  3.66249414e-03
 3.00094495e+08  4.97143393e+06  2.47113014e+08  3.53960170e-01  3.66278538e-03
 3.01050768e+08  4.92868811e+06  2.48464661e+08  3.53957349e-01  3.66308063e-03
 3.02007040e+08  4.88574477e+06  2.49869411e+08  3.53954154e-01  3.66340153e-03
 3.02963312e+08  4.84280142e+06  2.51274162e+08  3.53950960e-01  3.66372242e-03
 3.03919584e+08  4.80677934e+06  2.52485355e+08  3.53947957e-01  3.66400667e-03
 3.04875857e+08  4.77174785e+06  2.53668847e+08  3.53944982e-01  3.66428568e-03
 3.05832129e+08  4.73674689e+06  2.54852629e+08  3.53941997e-01  3.66456496e-03
 3.06788401e+08  4.70281001e+06  2.56046540e+08  3.53938666e-01  3.66485378e-03
 3.07744674e+08  4.66887312e+06  2.57240452e+08  3.53935334e-01  3.66514261e-03
 3.08700946e+08  4.63493623e+06  2.58434363e+08  3.53932003e-01  3.66543143e-03
 3.09657218e+08  4.59747229e+06  2.59778969e+08  3.53927904e-01  3.66575879e-03
 3.10613491e+08  4.55210937e+06  2.61461063e+08  3.53922087e-01  3.66617244e-03
 3.11569763e+08  4.50674646e+06  2.63143157e+08  3.53916270e-01  3.66658609e-03
 3.12526035e+08  4.46453129e+06  2.64743836e+08  3.53910119e-01  3.66698852e-03
 3.13482307e+08  4.42387846e+06  2.66304107e+08  3.53903803e-01  3.66738539e-03
 3.14438580e+08  4.38521847e+06  2.67805953e+08  3.53897297e-01  3.66776859e-03
 3.15394852e+08  4.34897781e+06  2.69236872e+08  3.53890561e-01  3.66813522e-03
 3.16351124e+08  4.31308897e+06  2.70661199e+08  3.53883552e-01  3.66849888e-03
 3.17307397e+08  4.27873574e+06  2.72056758e+08  3.53875352e-01  3.66884960e-03
 3.18263669e+08  4.24438251e+06  2.73452316e+08  3.53867152e-01  3.66920032e-03
 3.19219941e+08  4.21182956e+06  2.74801432e+08  3.53857874e-01  3.66953733e-03
 3.20176213e+08  4.18016147e+06  2.76127720e+08  3.53848067e-01  3.66986759e-03
 3.21132486e+08  4.14849338e+06  2.77454008e+08  3.53838259e-01  3.67019785e-03
 3.22088758e+08  4.11041946e+06  2.79082816e+08  3.53823535e-01  3.67061840e-03
 3.23045030e+08  4.06410101e+06  2.81100976e+08  3.53802482e-01  3.67115518e-03
 3.24001303e+08  4.02596386e+06  2.82775100e+08  3.53782531e-01  3.67160743e-03
 3.24957575e+08  3.99681655e+06  2.84071189e+08  3.53763791e-01  3.67196682e-03
 3.25913847e+08  3.96766924e+06  2.85367277e+08  3.53745052e-01  3.67232621e-03
 3.26870119e+08  3.93569494e+06  2.86819571e+08  3.53716908e-01  3.67272958e-03
 3.27826392e+08  3.90204208e+06  2.88364613e+08  3.53683180e-01  3.67315907e-03
 3.28782664e+08  3.86838922e+06  2.89909655e+08  3.53649452e-01  3.67358855e-03
 3.29738936e+08  3.82510121e+06  2.91946882e+08  3.53589593e-01  3.67414247e-03
 3.30695209e+08  3.78048522e+06  2.94062896e+08  3.53521322e-01  3.67471549e-03
 3.31651481e+08  3.75178090e+06  2.95442472e+08  3.53462649e-01  3.67509657e-03
 3.32607753e+08  3.72307659e+06  2.96822048e+08  3.53403976e-01  3.67547765e-03
 3.33564025e+08  3.69866481e+06  2.98017688e+08  3.53320081e-01  3.67578100e-03
 3.34520298e+08  3.67444295e+06  2.99205191e+08  3.53235069e-01  3.67608091e-03
 3.35476570e+08  3.65022109e+06  3.00392693e+08  3.53150058e-01  3.67638082e-03
 3.36432842e+08  3.62599922e+06  3.01580196e+08  3.53065046e-01  3.67668073e-03
 3.37389115e+08  3.58826966e+06  3.03488316e+08  3.52863970e-01  3.67711106e-03
 3.38345387e+08  3.53843016e+06  3.06042486e+08  3.52558840e-01  3.67765832e-03
 3.39301659e+08  3.49827382e+06  3.08110776e+08  3.52288965e-01  3.67802234e-03
 3.40257931e+08  3.46951467e+06  3.09607178e+08  3.52060586e-01  3.67817069e-03
 3.41214204e+08  3.44075956e+06  3.11103394e+08  3.51833071e-01  3.67831883e-03
 3.42170476e+08  3.41613510e+06  3.12407680e+08  3.52489279e-01  3.67825117e-03
 3.43126748e+08  3.39151064e+06  3.13711966e+08  3.53145487e-01  3.67818350e-03
 3.44083021e+08  3.36688619e+06  3.15016252e+08  3.53801694e-01  3.67811583e-03
 3.45039293e+08  3.34226173e+06  3.16320538e+08  3.54457902e-01  3.67804817e-03
 3.45995565e+08  3.29895606e+06  3.18688692e+08  3.55307049e-01  3.67760726e-03
 3.46951837e+08  3.25391021e+06  3.21155946e+08  3.56174169e-01  3.67713159e-03
 3.47908110e+08  3.22490488e+06  3.22761361e+08  3.55754607e-01  3.67688264e-03
 3.48864382e+08  3.19821865e+06  3.24242171e+08  3.55149018e-01  3.67666647e-03
 3.49820654e+08  3.17036863e+06  3.25797609e+08  3.54540215e-01  3.67642997e-03
 3.50776927e+08  3.14037652e+06  3.27490404e+08  3.53925495e-01  3.67615606e-03
 3.51733199e+08  3.11038441e+06  3.29183200e+08  3.53310775e-01  3.67588216e-03
 3.52689471e+08  3.08236317e+06  3.30786826e+08  3.52739825e-01  3.67561011e-03
 3.53645744e+08  3.05436343e+06  3.32389480e+08  3.52169353e-01  3.67533808e-03
 3.54602016e+08  3.02645312e+06  3.33998695e+08  3.51592960e-01  3.67505813e-03
 3.55558288e+08  2.99862133e+06  3.35613672e+08  3.51011368e-01  3.67477121e-03
 3.56514560e+08  2.97079018e+06  3.37229308e+08  3.50429826e-01  3.67448364e-03
 3.57470833e+08  2.94297709e+06  3.38863604e+08  3.49849701e-01  3.67417733e-03
 3.58427105e+08  2.91516401e+06  3.40497901e+08  3.49269575e-01  3.67387103e-03
 3.59383377e+08  2.89073642e+06  3.41940363e+08  3.48758338e-01  3.67358981e-03
 3.60339650e+08  2.86878940e+06  3.43242267e+08  3.48297576e-01  3.67332698e-03
 3.61295922e+08  2.84684237e+06  3.44544172e+08  3.47836814e-01  3.67306416e-03
 3.62252194e+08  2.82489534e+06  3.45846076e+08  3.47376051e-01  3.67280133e-03
 3.63208466e+08  2.78865437e+06  3.48026312e+08  3.46611730e-01  3.67233874e-03
 3.64164739e+08  2.74393860e+06  3.50727306e+08  3.45667431e-01  3.67175773e-03
 3.65121011e+08  2.72355200e+06  3.51960250e+08  3.45241702e-01  3.67147430e-03
 3.66077283e+08  2.70385563e+06  3.53151546e+08  3.44830685e-01  3.67119931e-03
 3.67033556e+08  2.68415925e+06  3.54342841e+08  3.44419669e-01  3.67092432e-03
 3.67989828e+08  2.65703190e+06  3.55997667e+08  3.43811353e-01  3.67050667e-03
 3.68946100e+08  2.62762647e+06  3.57794596e+08  3.43142553e-01  3.67004527e-03
 3.69902372e+08  2.59736611e+06  3.59646803e+08  3.42408255e-01  3.66954088e-03
 3.70858645e+08  2.56528855e+06  3.61616510e+08  3.41534738e-01  3.66894509e-03
 3.71814917e+08  2.54198034e+06  3.63048835e+08  3.40646839e-01  3.66841541e-03
 3.72771189e+08  2.52143887e+06  3.64311616e+08  3.39754403e-01  3.66790659e-03
 3.73727462e+08  2.49929810e+06  3.65676762e+08  3.37872567e-01  3.66696182e-03
 3.74683734e+08  2.47500018e+06  3.67179978e+08  3.34656225e-01  3.66542904e-03
 3.75640006e+08  2.45052644e+06  3.68694831e+08  3.31271059e-01  3.66380168e-03
 3.76596278e+08  2.42475217e+06  3.70295759e+08  3.26637147e-01  3.66147479e-03
 3.77552551e+08  2.39686717e+06  3.72027504e+08  3.22135919e-01  3.65911656e-03
 3.78508823e+08  2.36005888e+06  3.74310951e+08  3.18925018e-01  3.65683930e-03
 3.79465095e+08  2.33212951e+06  3.76040242e+08  3.17431642e-01  3.65536073e-03
 3.80421368e+08  2.30524057e+06  3.77377664e+08  4.82252063e-01  3.67080326e-03
 3.81377640e+08  2.28668938e+06  3.78505970e+08  4.81386936e-01  3.67052777e-03
 3.82333912e+08  2.26839698e+06  3.79614454e+08  4.80563798e-01  3.67025072e-03
 3.83290184e+08  2.24663505e+06  3.80928266e+08  4.79618857e-01  3.66991399e-03
 3.84246457e+08  2.22187510e+06  3.82416216e+08  4.78578007e-01  3.66951566e-03
 3.85202729e+08  2.19987251e+06  3.83731350e+08  4.77680097e-01  3.66914212e-03
 3.86159001e+08  2.17804552e+06  3.85029170e+08  4.76863955e-01  3.66876113e-03
 3.87115274e+08  2.15496515e+06  3.86393450e+08  4.76112580e-01  3.66834809e-03
 3.88071546e+08  2.13350782e+06  3.87654108e+08  4.75438851e-01  3.66794800e-03
 3.89027818e+08  2.10982486e+06  3.89037338e+08  4.74770776e-01  3.66749463e-03
 3.89984090e+08  2.09360801e+06  3.89979000e+08  4.74303752e-01  3.66717696e-03
 3.90940363e+08  2.07373044e+06  3.91127172e+08  4.73723567e-01  3.66677906e-03
 3.91896635e+08  2.04902053e+06  3.92543643e+08  4.72917363e-01  3.66627227e-03
 3.92852907e+08  2.03061526e+06  3.93591693e+08  4.72276614e-01  3.66588574e-03
 3.93809180e+08  2.01091045e+06  3.94706390e+08  4.71683621e-01  3.66545202e-03
 3.94765452e+08  1.98967531e+06  3.95899120e+08  4.71105379e-01  3.66498511e-03
 3.95721724e+08  1.96666946e+06  3.97180941e+08  4.70520067e-01  3.66449808e-03
 3.96677996e+08  1.94677938e+06  3.98278991e+08  4.70067058e-01  3.66406144e-03
 3.97634269e+08  1.92947123e+06  3.99227513e+08  4.69692131e-01  3.66368692e-03
 3.98590541e+08  1.91140823e+06  4.00209674e+08  4.69337720e-01  3.66326008e-03
 3.99546813e+08  1.88953398e+06  4.01389215e+08  4.68952762e-01  3.66268408e-03
 4.00503086e+08  1.86966199e+06  4.02450590e+08  4.68665314e-01  3.66211205e-03
 4.01459358e+08  1.85439422e+06  4.03259134e+08  4.68484471e-01  3.66165650e-03
 4.02415630e+08  1.83601712e+06  4.04222805e+08  4.68286012e-01  3.66107231e-03
 4.03371903e+08  1.81144784e+06  4.05498657e+08  4.68054206e-01  3.66023707e-03
 4.04328175e+08  1.79423071e+06  4.06381670e+08  4.67912754e-01  3.65966292e-03
 4.05284447e+08  1.77742531e+06  4.07235469e+08  4.67834217e-01  3.65909117e-03
 4.06240719e+08  1.75903509e+06  4.08160236e+08  4.67789983e-01  3.65842301e-03
 4.07196992e+08  1.74085049e+06  4.09064456e+08  4.67769414e-01  3.65774410e-03
 4.08153264e+08  1.72437290e+06  4.09874428e+08  4.67766400e-01  3.65712661e-03
 4.09109536e+08  1.70742767e+06  4.10698046e+08  4.67792646e-01  3.65640717e-03
 4.10065809e+08  1.68661116e+06  4.11697088e+08  4.67849043e-01  3.65543832e-03
 4.11022081e+08  1.66753937e+06  4.12599167e+08  4.67933591e-01  3.65455477e-03
 4.11978353e+08  1.65309465e+06  4.13273641e+08  4.68043821e-01  3.65388706e-03
 4.12934625e+08  1.63639138e+06  4.14043800e+08  4.68179749e-01  3.65312288e-03
 4.13890898e+08  1.62192287e+06  4.14702769e+08  4.68310508e-01  3.65246723e-03
 4.14847170e+08  1.60572057e+06  4.15429073e+08  4.68475841e-01  3.65168536e-03
 4.15803442e+08  1.58785245e+06  4.16220343e+08  4.68673282e-01  3.65078514e-03
 4.16759715e+08  1.56870363e+06  4.17052681e+08  4.68909801e-01  3.64977389e-03
 4.17715987e+08  1.55361705e+06  4.17697700e+08  4.69115510e-01  3.64897489e-03
 4.18672259e+08  1.54173850e+06  4.18198551e+08  4.69288858e-01  3.64834463e-03
 4.19628531e+08  1.52910407e+06  4.18728390e+08  4.69476583e-01  3.64767063e-03
 4.20584804e+08  1.50927729e+06  4.19534067e+08  4.69801110e-01  3.64658046e-03
 4.21541076e+08  1.49419761e+06  4.20138085e+08  4.70057114e-01  3.64573170e-03
 4.22497348e+08  1.48228139e+06  4.20607718e+08  4.70267453e-01  3.64504380e-03
 4.23453621e+08  1.47036516e+06  4.21077351e+08  4.70477792e-01  3.64435591e-03
 4.24409893e+08  1.45105945e+06  4.21804285e+08  4.70840314e-01  3.64322860e-03
 4.25366165e+08  1.43020767e+06  4.22577487e+08  4.71239594e-01  3.64200105e-03
 4.26322437e+08  1.41732429e+06  4.23040237e+08  4.71496217e-01  3.64121120e-03
 4.27278710e+08  1.40439016e+06  4.23503570e+08  4.71754700e-01  3.64041514e-03
 4.28234982e+08  1.39048297e+06  4.23978076e+08  4.72048846e-01  3.63950009e-03
 4.29191254e+08  1.37657578e+06  4.24452581e+08  4.72342992e-01  3.63858503e-03
 4.30147527e+08  1.36328090e+06  4.24889361e+08  4.72628570e-01  3.63771087e-03
 4.31103799e+08  1.35039054e+06  4.25301218e+08  4.72908488e-01  3.63686372e-03
 4.32060071e+08  1.33750018e+06  4.25713074e+08  4.73188405e-01  3.63601657e-03
 4.33016343e+08  1.32095459e+06  4.26214707e+08  4.73554282e-01  3.63490291e-03
 4.33972616e+08  1.30007279e+06  4.26822842e+08  4.74022132e-01  3.63347309e-03
 4.34928888e+08  1.28677491e+06  4.27193749e+08  4.74324244e-01  3.63260060e-03
 4.35885160e+08  1.27483246e+06  4.27522258e+08  4.74596733e-01  3.63182771e-03
 4.36841433e+08  1.26167925e+06  4.27865148e+08  4.74896816e-01  3.63099528e-03
 4.37797705e+08  1.24779807e+06  4.28216683e+08  4.75213490e-01  3.63012705e-03
 4.38753977e+08  1.23376031e+06  4.28556888e+08  4.75539869e-01  3.62925656e-03
 4.39710249e+08  1.21956185e+06  4.28885464e+08  4.75876207e-01  3.62838376e-03
 4.40666522e+08  1.20704069e+06  4.29161102e+08  4.76170648e-01  3.62759580e-03
 4.41622794e+08  1.19557991e+06  4.29403274e+08  4.76438602e-01  3.62686146e-03
 4.42579066e+08  1.18375209e+06  4.29648295e+08  4.76715695e-01  3.62609771e-03
 4.43535339e+08  1.16939847e+06  4.29912923e+08  4.77055675e-01  3.62513146e-03
 4.44491611e+08  1.15523666e+06  4.30170033e+08  4.77391507e-01  3.62417045e-03
 4.45447883e+08  1.14229263e+06  4.30379416e+08  4.77701002e-01  3.62324270e-03
 4.46404156e+08  1.13020052e+06  4.30569114e+08  4.77990487e-01  3.62236806e-03
 4.47360428e+08  1.12036144e+06  4.30706751e+08  4.78227051e-01  3.62163385e-03
 4.48316700e+08  1.11052236e+06  4.30844388e+08  4.78463616e-01  3.62089965e-03
 4.49272972e+08  1.09914867e+06  4.30990470e+08  4.78737672e-01  3.62003713e-03
 4.50229245e+08  1.08185510e+06  4.31169134e+08  4.79156356e-01  3.61867958e-03
 4.51185517e+08  1.06839487e+06  4.31295366e+08  4.79485219e-01  3.61759058e-03
 4.52141789e+08  1.05764657e+06  4.31384505e+08  4.79750538e-01  3.61669156e-03
 4.53098062e+08  1.04792913e+06  4.31450452e+08  4.79990959e-01  3.61581937e-03
 4.54054334e+08  1.03877883e+06  4.31503641e+08  4.80217682e-01  3.61496195e-03
 4.55010606e+08  1.02962852e+06  4.31556829e+08  4.80444406e-01  3.61410452e-03
 4.55966878e+08  1.01876486e+06  4.31597363e+08  4.80719468e-01  3.61306032e-03
 4.56923151e+08  1.00522018e+06  4.31618094e+08  4.81070171e-01  3.61172385e-03
 4.57879423e+08  9.91424251e+05  4.31633743e+08  4.81426858e-01  3.61034621e-03
 4.58835695e+08  9.75609389e+05  4.31608558e+08  4.81831636e-01  3.60863770e-03
 4.59791968e+08  9.63615548e+05  4.31571702e+08  4.82154095e-01  3.60729801e-03
 4.60748240e+08  9.55424793e+05  4.31535038e+08  4.82369788e-01  3.60637541e-03
 4.61704512e+08  9.47709209e+05  4.31498557e+08  4.82571804e-01  3.60550559e-03
 4.62660784e+08  9.37713523e+05  4.31428313e+08  4.82844167e-01  3.60419883e-03
 4.63617057e+08  9.26243321e+05  4.31336236e+08  4.83162023e-01  3.60260950e-03
 4.64573329e+08  9.14058585e+05  4.31213189e+08  4.83502706e-01  3.60165381e-03
 4.65529601e+08  9.03013608e+05  4.31086205e+08  4.83817589e-01  3.60014476e-03
 4.66485874e+08  8.93980870e+05  4.30970579e+08  4.84083281e-01  3.59750177e-03
 4.67442146e+08  8.85601511e+05  4.30847450e+08  4.84331803e-01  3.59619773e-03
 4.68398418e+08  8.77418602e+05  4.30722067e+08  4.84575163e-01  3.59529628e-03
 4.69354690e+08  8.67584927e+05  4.30556105e+08  4.84873781e-01  3.59392365e-03
 4.70310963e+08  8.53200812e+05  4.30278287e+08  4.85324723e-01  3.59125215e-03
 4.71267235e+08  8.41921936e+05  4.30036086e+08  4.85681770e-01  3.58966662e-03
 4.72223507e+08  8.34087005e+05  4.29858182e+08  4.85953855e-01  3.58831078e-03
 4.73179780e+08  8.26428433e+05  4.29670416e+08  4.86211474e-01  3.58697823e-03
 4.74136052e+08  8.18799020e+05  4.29481019e+08  4.86466701e-01  3.58564953e-03
 4.75092324e+08  8.07334698e+05  4.29161071e+08  4.86869950e-01  3.58358500e-03
 4.76048596e+08  7.96726510e+05  4.28848653e+08  4.87261527e-01  3.58162141e-03
 4.77004869e+08  7.87636197e+05  4.28563970e+08  4.87608941e-01  3.57989572e-03
 4.77961141e+08  7.79032445e+05  4.28279760e+08  4.87942665e-01  3.57823432e-03
 4.78917413e+08  7.70542615e+05  4.27985473e+08  4.88280699e-01  3.57656335e-03
 4.79873686e+08  7.62215842e+05  4.27684351e+08  4.88624044e-01  3.57489348e-03
 4.80829958e+08  7.51706768e+05  4.27277332e+08  4.89077065e-01  3.57273223e-03
 4.81786230e+08  7.45295490e+05  4.27022551e+08  4.89358563e-01  3.57140203e-03
 4.82742502e+08  7.36823241e+05  4.26665564e+08  4.89754353e-01  3.56955867e-03
 4.83698775e+08  7.26092525e+05  4.26193527e+08  4.90266477e-01  3.56736349e-03
 4.84655047e+08  7.17919329e+05  4.25816515e+08  4.90666326e-01  3.56557991e-03
 4.85611319e+08  7.10950703e+05  4.25483931e+08  4.91015566e-01  3.56386942e-03
 4.86567592e+08  7.02428116e+05  4.25060452e+08  4.91460297e-01  3.56154048e-03
 4.87523864e+08  6.93167468e+05  4.24579855e+08  4.91959940e-01  3.55954652e-03
 4.88480136e+08  6.87194330e+05  4.24259904e+08  4.92296921e-01  3.55820601e-03
 4.89436409e+08  6.77559205e+05  4.23722612e+08  4.92857288e-01  3.55585457e-03
 4.90392681e+08  6.70332457e+05  4.23304062e+08  4.93294439e-01  3.55390752e-03
 4.91348953e+08  6.62704627e+05  4.22847808e+08  4.93767162e-01  3.55196238e-03
 4.92305225e+08  6.55152772e+05  4.22381419e+08  4.94245793e-01  3.55004351e-03
 4.93261498e+08  6.47053631e+05  4.21862401e+08  4.94772035e-01  3.54790756e-03
 4.94217770e+08  6.39332096e+05  4.21351169e+08  4.95291400e-01  3.54580868e-03
 4.95174042e+08  6.31828158e+05  4.20838061e+08  4.95814603e-01  3.54374600e-03
 4.96130315e+08  6.25621243e+05  4.20401540e+08  4.96260413e-01  3.54202955e-03
 4.97086587e+08  6.18293998e+05  4.19870507e+08  4.96797897e-01  3.53995552e-03
 4.98042859e+08  6.10239878e+05  4.19268347e+08  4.97406923e-01  3.53762934e-03
 4.98999131e+08  6.03686564e+05  4.18763538e+08  4.97905688e-01  3.53569004e-03
 4.99955404e+08  5.96347210e+05  4.18182201e+08  4.98512028e-01  3.53349499e-03
 5.00911676e+08  5.89748966e+05  4.17644206e+08  4.99036124e-01  3.53146053e-03
 5.01867948e+08  5.82959538e+05  4.17075655e+08  4.99604281e-01  3.52932290e-03
 5.02824221e+08  5.76306688e+05  4.16503920e+08  5.00182230e-01  3.52719007e-03
 5.03780493e+08  5.70239677e+05  4.15968560e+08  5.00719987e-01  3.52519037e-03
 5.04736765e+08  5.63323462e+05  4.15342782e+08  5.01331015e-01  3.52284967e-03
 5.05693037e+08  5.56515937e+05  4.14709766e+08  5.01955585e-01  3.52047274e-03
 5.06649310e+08  5.49239609e+05  4.14014476e+08  5.02646696e-01  3.51786178e-03
 5.07605582e+08  5.43633212e+05  4.13465677e+08  5.03181751e-01  3.51577117e-03
 5.08561854e+08  5.36932426e+05  4.12792927e+08  5.03828178e-01  3.51319914e-03
 5.09518127e+08  5.30838991e+05  4.12166735e+08  5.04431236e-01  3.51077596e-03
 5.10474399e+08  5.24670491e+05  4.11517343e+08  5.05058752e-01  3.50836965e-03
 5.11430671e+08  5.18568533e+05  4.10859471e+08  5.05684359e-01  3.50570276e-03
 5.12386943e+08  5.12314794e+05  4.10169208e+08  5.06325872e-01  3.50226403e-03
 5.13343216e+08  5.07125149e+05  4.09583873e+08  5.06864816e-01  3.50000855e-03
 5.14299488e+08  5.00370200e+05  4.08803996e+08  5.07578232e-01  3.49835091e-03
 5.15255760e+08  4.95083311e+05  4.08180214e+08  5.08118772e-01  3.49449186e-03
 5.16212033e+08  4.88992365e+05  4.07445390e+08  5.08754161e-01  3.49130611e-03
 5.17168305e+08  4.83861583e+05  4.06812986e+08  5.09287891e-01  3.48866384e-03
 5.18124577e+08  4.77758431e+05  4.06044654e+08  5.09920595e-01  3.48521275e-03
 5.19080849e+08  4.71819104e+05  4.05279967e+08  5.10529112e-01  3.48169724e-03
 5.20037122e+08  4.66776217e+05  4.04616961e+08  5.11038015e-01  3.47859455e-03
 5.20993394e+08  4.60541633e+05  4.03779408e+08  5.11652868e-01  3.47460380e-03
 5.21949666e+08  4.55104280e+05  4.03032762e+08  5.12170765e-01  3.47095477e-03
 5.22905939e+08  4.50435181e+05  4.02380036e+08  5.12601762e-01  3.46771416e-03
 5.23862211e+08  4.44558492e+05  4.01540204e+08  5.13126421e-01  3.46343891e-03
 5.24818483e+08  4.39891597e+05  4.00860978e+08  5.13534750e-01  3.45991780e-03
 5.25774755e+08  4.35011938e+05  4.00138038e+08  5.13941224e-01  3.45607609e-03
 5.26731028e+08  4.28504888e+05  3.99150401e+08  5.14453453e-01  3.45083214e-03
 5.27687300e+08  4.24079063e+05  3.98465878e+08  5.14786389e-01  3.44677421e-03
 5.28643572e+08  4.19702791e+05  3.97777799e+08  5.15109062e-01  3.44223122e-03
 5.29599845e+08  4.13870926e+05  3.96841149e+08  5.15493282e-01  3.43774839e-03
 5.30556117e+08  4.09913010e+05  3.96195509e+08  5.15734597e-01  3.43496442e-03
 5.31512389e+08  4.05391472e+05  3.95444894e+08  5.16001181e-01  3.43023702e-03
 5.32468662e+08  4.01500901e+05  3.94787872e+08  5.16213202e-01  3.42582739e-03
 5.33424934e+08  3.97450312e+05  3.94096050e+08  5.16426643e-01  3.42131432e-03
 5.34381206e+08  3.92876052e+05  3.93298369e+08  5.16653705e-01  3.41645899e-03
 5.35337478e+08  3.88844170e+05  3.92585957e+08  5.16840527e-01  3.41201798e-03
 5.36293751e+08  3.85333987e+05  3.91955563e+08  5.16988641e-01  3.40797550e-03
 5.37250023e+08  3.81823804e+05  3.91325168e+08  5.17136756e-01  3.40393303e-03
 5.38206295e+08  3.78211829e+05  3.90672252e+08  5.17286206e-01  3.39973097e-03
 5.39162568e+08  3.73334793e+05  3.89739439e+08  5.17452251e-01  3.39354565e-03
 5.40118840e+08  3.68457758e+05  3.88806626e+08  5.17618297e-01  3.38736033e-03
 5.41075112e+08  3.63704463e+05  3.87891698e+08  5.17775325e-01  3.38125676e-03
 5.42031384e+08  3.59650867e+05  3.87077903e+08  5.17881366e-01  3.37561546e-03
 5.42987657e+08  3.55597270e+05  3.86264108e+08  5.17987406e-01  3.36997415e-03
 5.43943929e+08  3.51543674e+05  3.85450312e+08  5.18093447e-01  3.36433284e-03
 5.44900201e+08  3.46184190e+05  3.84319188e+08  5.18206032e-01  3.35638480e-03
 5.45856474e+08  3.40485924e+05  3.83105739e+08  5.18320316e-01  3.34783832e-03
 5.46812746e+08  3.36154613e+05  3.82161329e+08  5.18385571e-01  3.34096645e-03
 5.47769018e+08  3.32088924e+05  3.81269196e+08  5.18441300e-01  3.33441999e-03
 5.48725290e+08  3.28704290e+05  3.80507520e+08  5.18466884e-01  3.32869833e-03
 5.49681563e+08  3.25434653e+05  3.79767871e+08  5.18487378e-01  3.32311594e-03
 5.50637835e+08  3.22165016e+05  3.79028222e+08  5.18507872e-01  3.31753355e-03
 5.51594107e+08  3.18369525e+05  3.78134027e+08  5.18519032e-01  3.31067732e-03
 5.52550380e+08  3.14400828e+05  3.77188928e+08  5.18527117e-01  3.30340152e-03
 5.53506652e+08  3.10432131e+05  3.76243829e+08  5.18535202e-01  3.29612572e-03
 5.54462924e+08  3.05468530e+05  3.75013251e+08  5.18516386e-01  3.28649153e-03
 5.55419196e+08  3.00454873e+05  3.73757876e+08  5.18489184e-01  3.27660825e-03
 5.56375469e+08  2.96733637e+05  3.72806164e+08  5.18451641e-01  3.26894868e-03
 5.57331741e+08  2.93424861e+05  3.71951093e+08  5.18409889e-01  3.26199906e-03
 5.58288013e+08  2.90513446e+05  3.71189126e+08  5.18364082e-01  3.25573340e-03
 5.59244286e+08  2.87602032e+05  3.70427159e+08  5.18318275e-01  3.24946775e-03
 5.60200558e+08  2.83124279e+05  3.69208083e+08  5.18226388e-01  3.23937475e-03
 5.61156830e+08  2.78789259e+05  3.68017568e+08  5.18129022e-01  3.22946340e-03
 5.62113102e+08  2.75297270e+05  3.67042697e+08  5.18033999e-01  3.22122419e-03
 5.63069375e+08  2.72065881e+05  3.66125498e+08  5.17938039e-01  3.21340033e-03
 5.64025647e+08  2.68914025e+05  3.65225901e+08  5.17841793e-01  3.20570323e-03
 5.64981919e+08  2.65901640e+05  3.64344024e+08  5.17732375e-01  3.19805359e-03
 5.65938192e+08  2.62891333e+05  3.63462410e+08  5.17622761e-01  3.19040466e-03
 5.66894464e+08  2.59572049e+05  3.62463979e+08  5.17486165e-01  3.18167095e-03
 5.67850736e+08  2.56175352e+05  3.61436278e+08  5.17342808e-01  3.17266546e-03
 5.68807008e+08  2.53188293e+05  3.60512917e+08  5.17200360e-01  3.16446680e-03
 5.69763281e+08  2.50301849e+05  3.59615183e+08  5.17058135e-01  3.15646631e-03
 5.70719553e+08  2.47336891e+05  3.58680045e+08  5.16904865e-01  3.14809701e-03
 5.71675825e+08  2.44242504e+05  3.57683245e+08  5.16733387e-01  3.13911972e-03
 5.72632098e+08  2.41148116e+05  3.56686446e+08  5.16561909e-01  3.13014243e-03
 5.73588370e+08  2.37102487e+05  3.55337405e+08  5.16312468e-01  3.11790505e-03
 5.74544642e+08  2.33992543e+05  3.54292353e+08  5.16113670e-01  3.10835254e-03
 5.75500915e+08  2.31659745e+05  3.53500988e+08  5.15957675e-01  3.10104480e-03
 5.76457187e+08  2.29116282e+05  3.52631480e+08  5.15783824e-01  3.09301367e-03
 5.77413459e+08  2.25217912e+05  3.51259384e+08  5.15495137e-01  3.08032993e-03
 5.78369731e+08  2.22347196e+05  3.50238435e+08  5.15268583e-01  3.07080755e-03
 5.79326004e+08  2.19890582e+05  3.49358985e+08  5.15067066e-01  3.06255908e-03
 5.80282276e+08  2.16912929e+05  3.48268243e+08  5.14812820e-01  3.05232668e-03
 5.81238548e+08  2.14046472e+05  3.47209712e+08  5.14560786e-01  3.04237131e-03
 5.82194821e+08  2.11957102e+05  3.46426632e+08  5.14359551e-01  3.03492396e-03
 5.83151093e+08  2.09867732e+05  3.45643553e+08  5.14158315e-01  3.02747662e-03
 5.84107365e+08  2.07282770e+05  3.44653254e+08  5.13900025e-01  3.01809770e-03
 5.85063637e+08  2.03942701e+05  3.43347227e+08  5.13554804e-01  3.00577576e-03
 5.86019910e+08  2.00988396e+05  3.42179248e+08  5.13237968e-01  2.99474028e-03
 5.86976182e+08  1.98375788e+05  3.41133548e+08  5.12946275e-01  2.98484429e-03
 5.87932454e+08  1.95167205e+05  3.39823992e+08  5.12579571e-01  2.97251280e-03
 5.88888727e+08  1.92684190e+05  3.38798487e+08  5.12293253e-01  2.96287361e-03
 5.89844999e+08  1.90715555e+05  3.37981004e+08  5.12065878e-01  2.95519187e-03
 5.90801271e+08  1.88701814e+05  3.37127960e+08  5.11835760e-01  2.94723513e-03
 5.91757543e+08  1.86679107e+05  3.36267847e+08  5.11605095e-01  2.93922373e-03
 5.92713816e+08  1.84585617e+05  3.35373952e+08  5.11367702e-01  2.93091659e-03
 5.93670088e+08  1.81561853e+05  3.34036079e+08  5.11041876e-01  2.91872262e-03
 5.94626360e+08  1.78617686e+05  3.32725716e+08  5.10728987e-01  2.90681431e-03
 5.95582633e+08  1.75878231e+05  3.31486107e+08  5.10449366e-01  2.89564069e-03
 5.96538905e+08  1.74155343e+05  3.30696428e+08  5.10279684e-01  2.88855064e-03
 5.97495177e+08  1.72476240e+05  3.29926127e+08  5.10114737e-01  2.88163646e-03
 5.98451449e+08  1.70494823e+05  3.29005583e+08  5.09923123e-01  2.87343668e-03
 5.99407722e+08  1.67086679e+05  3.27375987e+08  5.09605657e-01  2.85916963e-03
 6.00363994e+08  1.64917349e+05  3.26328166e+08  5.09417245e-01  2.85006714e-03
 6.01320266e+08  1.63012074e+05  3.25403852e+08  5.09256307e-01  2.84206349e-03
 6.02276539e+08  1.61144223e+05  3.24477136e+08  5.09097879e-01  2.83413516e-03
 6.03232811e+08  1.59276372e+05  3.23550420e+08  5.08939451e-01  2.82620684e-03
 6.04189083e+08  1.56861997e+05  3.22323370e+08  5.08734059e-01  2.81588059e-03
 6.05145355e+08  1.54312315e+05  3.21013348e+08  5.08517118e-01  2.80494390e-03
 6.06101628e+08  1.52788164e+05  3.20219922e+08  5.08388731e-01  2.79841548e-03
 6.07057900e+08  1.51264013e+05  3.19426497e+08  5.08260343e-01  2.79188705e-03
 6.08014172e+08  1.49502044e+05  3.18496824e+08  5.08114769e-01  2.78433060e-03
 6.08970445e+08  1.46801944e+05  3.17029695e+08  5.07901400e-01  2.77271890e-03
 6.09926717e+08  1.44479815e+05  3.15757901e+08  5.07729411e-01  2.76277275e-03
 6.10882989e+08  1.42551985e+05  3.14689883e+08  5.07600591e-01  2.75456409e-03
 6.11839261e+08  1.40256722e+05  3.13394533e+08  5.07467492e-01  2.74482242e-03
 6.12795534e+08  1.38520415e+05  3.12404976e+08  5.07384067e-01  2.73751449e-03
 6.13751806e+08  1.37165538e+05  3.11628726e+08  5.07329542e-01  2.73185559e-03
 6.14708078e+08  1.35700036e+05  3.10782429e+08  5.07273453e-01  2.72573816e-03
 6.15664351e+08  1.33652826e+05  3.09567795e+08  5.07209133e-01  2.71720960e-03
 6.16620623e+08  1.31597786e+05  3.08343042e+08  5.07148332e-01  2.70866520e-03
 6.17576895e+08  1.29505357e+05  3.07069969e+08  5.07104337e-01  2.70004516e-03
 6.18533168e+08  1.27778960e+05  3.06008185e+08  5.07076611e-01  2.69300652e-03
 6.19489440e+08  1.26207212e+05  3.05035672e+08  5.07055758e-01  2.68663603e-03
 6.20445712e+08  1.24586239e+05  3.04011889e+08  5.07045489e-01  2.68008922e-03
 6.21401984e+08  1.22957950e+05  3.02980485e+08  5.07036793e-01  2.67351619e-03
 6.22358257e+08  1.21288164e+05  3.01899147e+08  5.07038712e-01  2.66691123e-03
 6.23314529e+08  1.19611063e+05  3.00809006e+08  5.07042502e-01  2.66030063e-03
 6.24270801e+08  1.18002274e+05  2.99740998e+08  5.07061039e-01  2.65406157e-03
 6.25227074e+08  1.16405530e+05  2.98676893e+08  5.07082176e-01  2.64788801e-03
 6.26183346e+08  1.14691218e+05  2.97509937e+08  5.07114737e-01  2.64135484e-03
 6.27139618e+08  1.12942667e+05  2.96311973e+08  5.07151545e-01  2.63472376e-03
 6.28095890e+08  1.11232848e+05  2.95115804e+08  5.07212555e-01  2.62841798e-03
 6.29052163e+08  1.09737720e+05  2.94060722e+08  5.07271584e-01  2.62297199e-03
 6.30008435e+08  1.08399118e+05  2.93108505e+08  5.07329170e-01  2.61815285e-03
 6.30964707e+08  1.07048945e+05  2.92132721e+08  5.07395211e-01  2.61339657e-03
 6.31920980e+08  1.05692467e+05  2.91144097e+08  5.07465858e-01  2.60867454e-03
 6.32877252e+08  1.04337732e+05  2.90148291e+08  5.07537112e-01  2.60402126e-03
 6.33833524e+08  1.02987367e+05  2.89134479e+08  5.07609887e-01  2.59954034e-03
 6.34789796e+08  1.01637001e+05  2.88120668e+08  5.07682662e-01  2.59505941e-03
 6.35746069e+08  1.00017323e+05  2.86876167e+08  5.07766654e-01  2.58988381e-03
 6.36702341e+08  9.81703663e+04  2.85436982e+08  5.07860110e-01  2.58412195e-03
 6.37658613e+08  9.64907979e+04  2.84106347e+08  5.07950531e-01  2.57925977e-03
 6.38614886e+08  9.51623857e+04  2.83042970e+08  5.08027107e-01  2.57567485e-03
 6.39571158e+08  9.40227552e+04  2.82125265e+08  5.08095864e-01  2.57274581e-03
 6.40527430e+08  9.28393766e+04  2.81153953e+08  5.08194859e-01  2.57013743e-03
 6.41483702e+08  9.16481170e+04  2.80172984e+08  5.08299301e-01  2.56758682e-03
 6.42439975e+08  8.99518121e+04  2.78743990e+08  5.08484277e-01  2.56450893e-03
 6.43396247e+08  8.85468397e+04  2.77547227e+08  5.08678576e-01  2.56244683e-03
 6.44352519e+08  8.76391512e+04  2.76770296e+08  5.08838921e-01  2.56148242e-03
 6.45308792e+08  8.66918345e+04  2.75955880e+08  5.09012541e-01  2.56058538e-03
 6.46265064e+08  8.53333957e+04  2.74752566e+08  5.09323868e-01  2.56038718e-03
 6.47221336e+08  8.39722442e+04  2.73546130e+08  5.09637830e-01  2.56020768e-03
 6.48177608e+08  8.24829709e+04  2.72192236e+08  5.10076242e-01  2.56091104e-03
 6.49133881e+08  8.13475528e+04  2.71153370e+08  5.10456512e-01  2.56216478e-03
 6.50090153e+08  8.04412838e+04  2.70318508e+08  5.10799128e-01  2.56377494e-03
 6.51046425e+08  7.95350149e+04  2.69483646e+08  5.11141744e-01  2.56538509e-03
 6.52002698e+08  7.81046217e+04  2.68117327e+08  5.11811494e-01  2.56994956e-03
 6.52958970e+08  7.67320143e+04  2.66800621e+08  5.12485157e-01  2.57467713e-03
 6.53915242e+08  7.56293244e+04  2.65726192e+08  5.13130198e-01  2.57959311e-03
 6.54871514e+08  7.45386770e+04  2.64653896e+08  5.13817445e-01  2.58519721e-03
 6.55827787e+08  7.34651370e+04  2.63584632e+08  5.14564649e-01  2.59177887e-03
 6.56784059e+08  7.22302354e+04  2.62336764e+08  5.15504624e-01  2.60068589e-03
 6.57740331e+08  7.10450708e+04  2.61124525e+08  5.16494189e-01  2.61056808e-03
 6.58696604e+08  7.02988703e+04  2.60355589e+08  5.17198255e-01  2.61783244e-03
 6.59652876e+08  6.95526698e+04  2.59586652e+08  5.17902320e-01  2.62509680e-03
 6.60609148e+08  6.83618272e+04  2.58324923e+08  5.19130310e-01  2.63832590e-03
 6.61565421e+08  6.68278168e+04  2.56673550e+08  5.20809805e-01  2.65693633e-03
 6.62521693e+08  6.59208954e+04  2.55688941e+08  5.21893331e-01  2.66949256e-03
 6.63477965e+08  6.51086557e+04  2.54796541e+08  5.22934605e-01  2.68190809e-03
 6.64434237e+08  6.43260984e+04  2.53933048e+08  5.23962634e-01  2.69427953e-03
 6.65390510e+08  6.34126481e+04  2.52912244e+08  5.25200838e-01  2.70943346e-03
 6.66346782e+08  6.21121126e+04  2.51426226e+08  5.27060586e-01  2.73281599e-03
 6.67303054e+08  6.12452655e+04  2.50427073e+08  5.28387886e-01  2.74990199e-03
 6.68259327e+08  6.04965519e+04  2.49560539e+08  5.29570149e-01  2.76527287e-03
 6.69215599e+08  5.96296605e+04  2.48542571e+08  5.30995729e-01  2.78402921e-03
 6.70171871e+08  5.85428148e+04  2.47242752e+08  5.32874172e-01  2.80908662e-03
 6.71128143e+08  5.74071450e+04  2.45867347e+08  5.34944170e-01  2.83696742e-03
 6.72084416e+08  5.64427628e+04  2.44685114e+08  5.36807089e-01  2.86229959e-03
 6.73040688e+08  5.56850002e+04  2.43750090e+08  5.38328941e-01  2.88312170e-03
 6.73996960e+08  5.50300829e+04  2.42930146e+08  5.39742970e-01  2.90292879e-03
 6.74953233e+08  5.43751656e+04  2.42110202e+08  5.41156999e-01  2.92273588e-03
 6.75909505e+08  5.36050174e+04  2.41132506e+08  5.42875933e-01  2.94685016e-03
 6.76865777e+08  5.24962513e+04  2.39691240e+08  5.45490862e-01  2.98362157e-03
 6.77822049e+08  5.15448303e+04  2.38444283e+08  5.47832703e-01  3.01650299e-03
 6.78778322e+08  5.07087145e+04  2.37339721e+08  5.49974421e-01  3.04653376e-03
 6.79734594e+08  4.99987467e+04  2.36387048e+08  5.51956551e-01  3.07344448e-03
 6.80690866e+08  4.92902615e+04  2.35436160e+08  5.53936804e-01  3.10031853e-03
 6.81647139e+08  4.84339830e+04  2.34261265e+08  5.56564494e-01  3.13405857e-03
 6.82603411e+08  4.76192689e+04  2.33138556e+08  5.59155653e-01  3.16634955e-03
 6.83559683e+08  4.69247707e+04  2.32171289e+08  5.61580538e-01  3.19424881e-03
 6.84515955e+08  4.60761088e+04  2.30979123e+08  5.64686698e-01  3.22850188e-03
 6.85472228e+08  4.51319171e+04  2.29636108e+08  5.68476410e-01  3.26655671e-03
 6.86428500e+08  4.46053102e+04  2.28886674e+08  5.70775803e-01  3.28721686e-03
 6.87384772e+08  4.38509276e+04  2.27801344e+08  5.74291348e-01  3.31646187e-03
 6.88341045e+08  4.30555631e+04  2.26650663e+08  5.78244266e-01  3.34660694e-03
 6.89297317e+08  4.25661466e+04  2.25943408e+08  5.80908281e-01  3.36420444e-03
 6.90253589e+08  4.20767300e+04  2.25236153e+08  5.83572296e-01  3.38180194e-03
 6.91209861e+08  4.12929803e+04  2.24093325e+08  5.88153944e-01  3.40841804e-03
 6.92166134e+08  4.03406829e+04  2.22701057e+08  5.93880469e-01  3.43986317e-03
 6.93122406e+08  3.97985458e+04  2.21915668e+08  5.97374885e-01  3.45558343e-03
 6.94078678e+08  3.92564088e+04  2.21130279e+08  6.00869300e-01  3.47130370e-03
 6.95034951e+08  3.83854143e+04  2.19882961e+08  6.06636313e-01  3.49426036e-03
 6.95991223e+08  3.76147820e+04  2.18791471e+08  6.11787907e-01  3.51304976e-03
 6.96947495e+08  3.70641017e+04  2.18021937e+08  6.15487895e-01  3.52528486e-03
 6.97903767e+08  3.64232056e+04  2.17154458e+08  6.19756873e-01  3.53790716e-03
 6.98860040e+08  3.57722601e+04  2.16289715e+08  6.24055907e-01  3.54998971e-03
 6.99816312e+08  3.51246052e+04  2.15460109e+08  6.28257104e-01  3.56070999e-03
 7.00772584e+08  3.45711368e+04  2.14787272e+08  6.31717906e-01  3.56865828e-03
 7.01728857e+08  3.40424896e+04  2.14155749e+08  6.34983590e-01  3.57587606e-03
 7.02685129e+08  3.33165110e+04  2.13370161e+08  6.39253774e-01  3.58447156e-03
 7.03641401e+08  3.25804980e+04  2.12627853e+08  6.43410340e-01  3.59225069e-03
 7.04597674e+08  3.20282361e+04  2.12116859e+08  6.46348475e-01  3.59722340e-03
 7.05553946e+08  3.15439331e+04  2.11729333e+08  6.48700234e-01  3.60081507e-03
 7.06510218e+08  3.10764250e+04  2.11372319e+08  6.50907081e-01  3.60406543e-03
 7.07466490e+08  3.06089169e+04  2.11015306e+08  6.53113928e-01  3.60731580e-03
 7.08422763e+08  2.97870063e+04  2.10659141e+08  6.56416152e-01  3.61154287e-03
 7.09379035e+08  2.90257582e+04  2.10379780e+08  6.59329834e-01  3.61513329e-03
 7.10335307e+08  2.84316027e+04  2.10258016e+08  6.61314264e-01  3.61729928e-03
 7.11291580e+08  2.76928881e+04  2.10233242e+08  6.63545166e-01  3.61953882e-03
 7.12247852e+08  2.71197723e+04  2.10294612e+08  6.65094069e-01  3.62092676e-03
 7.13204124e+08  2.65923192e+04  2.10406506e+08  6.66413016e-01  3.62199814e-03
 7.14160396e+08  2.58173572e+04  2.10727673e+08  6.68161624e-01  3.62319023e-03
 7.15116669e+08  2.51000701e+04  2.11139052e+08  6.69627535e-01  3.62392863e-03
 7.16072941e+08  2.45796961e+04  2.11512042e+08  6.70605750e-01  3.62422603e-03
 7.17029213e+08  2.40123571e+04  2.11990487e+08  6.71599062e-01  3.62433449e-03
 7.17985486e+08  2.34077150e+04  2.12579178e+08  6.72620409e-01  3.62421949e-03
 7.18941758e+08  2.28454177e+04  2.13199305e+08  6.73509162e-01  3.62386003e-03
 7.19898030e+08  2.24136930e+04  2.13716121e+08  6.74164688e-01  3.62341924e-03
 7.20854302e+08  2.18189611e+04  2.14499696e+08  6.75040299e-01  3.62258235e-03
 7.21810575e+08  2.12434839e+04  2.15320378e+08  6.75864732e-01  3.62152133e-03
 7.22766847e+08  2.08076786e+04  2.15983703e+08  6.76450790e-01  3.62051687e-03
 7.23723119e+08  2.02856575e+04  2.16822087e+08  6.77173753e-01  3.61914256e-03
 7.24679392e+08  1.97930617e+04  2.17659333e+08  6.77802933e-01  3.61761205e-03
 7.25635664e+08  1.94122813e+04  2.18331547e+08  6.78290829e-01  3.61628936e-03
 7.26591936e+08  1.87830553e+04  2.19498735e+08  6.79077737e-01  3.61386538e-03
 7.27548208e+08  1.84134875e+04  2.20211876e+08  6.79515319e-01  3.61225815e-03
 7.28504481e+08  1.79763951e+04  2.21079215e+08  6.80020176e-01  3.61023297e-03
 7.29460753e+08  1.74737526e+04  2.22111983e+08  6.80575091e-01  3.60769356e-03
 7.30417025e+08  1.71113317e+04  2.22876560e+08  6.80968056e-01  3.60572590e-03
 7.31373298e+08  1.66690086e+04  2.23833008e+08  6.81412455e-01  3.60317805e-03
 7.32329570e+08  1.63512069e+04  2.24533644e+08  6.81730836e-01  3.60123911e-03
 7.33285842e+08  1.58802023e+04  2.25595235e+08  6.82173441e-01  3.59822112e-03
 7.34242114e+08  1.55561910e+04  2.26338926e+08  6.82461178e-01  3.59602755e-03
 7.35198387e+08  1.51432517e+04  2.27301757e+08  6.82822811e-01  3.59312834e-03
 7.36154659e+08  1.48091311e+04  2.28092794e+08  6.83088060e-01  3.59065312e-03
 7.37110931e+08  1.44607893e+04  2.28927906e+08  6.83369600e-01  3.58800895e-03
 7.38067204e+08  1.41306507e+04  2.29728447e+08  6.83626405e-01  3.58540591e-03
 7.39023476e+08  1.37924548e+04  2.30557580e+08  6.83883507e-01  3.58264685e-03
 7.39979748e+08  1.34767097e+04  2.31338633e+08  6.84122405e-01  3.58000110e-03
 7.40936020e+08  1.31989515e+04  2.32030727e+08  6.84340631e-01  3.57761688e-03
 7.41892293e+08  1.28989220e+04  2.32783694e+08  6.84578710e-01  3.57497026e-03
 7.42848565e+08  1.26073430e+04  2.33519547e+08  6.84820496e-01  3.57234134e-03
 7.43804837e+08  1.23020146e+04  2.34293913e+08  6.85089030e-01  3.56952565e-03
 7.44761110e+08  1.20237484e+04  2.35002504e+08  6.85348064e-01  3.56690418e-03
 7.45717382e+08  1.17972837e+04  2.35580962e+08  6.85582638e-01  3.56473057e-03
 7.46673654e+08  1.14849093e+04  2.36380246e+08  6.85934308e-01  3.56169693e-03
 7.47629927e+08  1.12521706e+04  2.36976693e+08  6.86206274e-01  3.55936396e-03
 7.48586199e+08  1.09879233e+04  2.37654005e+08  6.86564714e-01  3.55668322e-03
 7.49542471e+08  1.07634920e+04  2.38229036e+08  6.86894981e-01  3.55438394e-03
 7.50498743e+08  1.05683288e+04  2.38728584e+08  6.87207480e-01  3.55218050e-03
 7.51455016e+08  1.03109236e+04  2.39385875e+08  6.87650612e-01  3.54735392e-03
 7.52411288e+08  1.01165283e+04  2.39881044e+08  6.88023333e-01  3.53476318e-03
 7.53367560e+08  9.88140795e+03  2.40477556e+08  6.88513972e-01  3.51598775e-03
 7.54323833e+08  9.66245791e+03  2.41030503e+08  6.88996594e-01  3.50955922e-03
 7.55280105e+08  9.48179929e+03  2.41484447e+08  6.89431971e-01  3.50644596e-03
 7.56236377e+08  9.28352588e+03  2.41979691e+08  6.89941002e-01  3.50390056e-03
 7.57192649e+08  9.08982938e+03  2.42460167e+08  6.90467741e-01  3.50122889e-03
 7.58148922e+08  8.89803999e+03  2.42932231e+08  6.91023309e-01  3.49856012e-03
 7.59105194e+08  8.73455719e+03  2.43331322e+08  6.91524876e-01  3.49622025e-03
 7.60061466e+08  8.54245513e+03  2.43795948e+08  6.92141679e-01  3.49339258e-03
 7.61017739e+08  8.36762801e+03  2.44214295e+08  6.92749831e-01  3.49079380e-03
 7.61974011e+08  8.21873792e+03  2.44566942e+08  6.93285922e-01  3.48847987e-03
 7.62930283e+08  8.04375820e+03  2.44976346e+08  6.93940091e-01  3.48563373e-03
 7.63886555e+08  7.89054057e+03  2.45330251e+08  6.94531802e-01  3.48302817e-03
 7.64842828e+08  7.75688715e+03  2.45635365e+08  6.95074473e-01  3.48068563e-03
 7.65799100e+08  7.58739860e+03  2.46016280e+08  6.95783940e-01  3.47756980e-03
#Mass: 0.97318871734 Msun carved out from a 3.01939826192,from an initial 5.5