# Radius dens temp c12 ne22
400
 2.00000000e+04  1.15310000e+07  1.96697736e+08 0.5 0.0
 1.74466165e+06  1.15310000e+07  1.96697736e+08 0.5 0.0
 3.46932331e+06  1.15297610e+07  1.96168608e+08 0.5 0.0
 5.19398496e+06  1.15272489e+07  1.96781660e+08 0.5 0.0
 6.91864662e+06  1.15245002e+07  1.96482061e+08 0.5 0.0
 8.64330827e+06  1.15207247e+07  1.96497380e+08 0.5 0.0
 1.03679699e+07  1.15157320e+07  1.96743014e+08 0.5 0.0
 1.20926316e+07  1.15104271e+07  1.96544046e+08 0.5 0.0
 1.38172932e+07  1.15042372e+07  1.96118390e+08 0.5 0.0
 1.55419549e+07  1.14968965e+07  1.96131470e+08 0.5 0.0
 1.72666165e+07  1.14888638e+07  1.96038063e+08 0.5 0.0
 1.89912782e+07  1.14801060e+07  1.95557344e+08 0.5 0.0
 2.07159398e+07  1.14702412e+07  1.95525316e+08 0.5 0.0
 2.24406015e+07  1.14600261e+07  1.95635341e+08 0.5 0.0
 2.41652632e+07  1.14481219e+07  1.95489972e+08 0.5 0.0
 2.58899248e+07  1.14361229e+07  1.95355669e+08 0.5 0.0
 2.76145865e+07  1.14228454e+07  1.95387059e+08 0.5 0.0
 2.93392481e+07  1.14095678e+07  1.95418448e+08 0.5 0.0
 3.10639098e+07  1.13943865e+07  1.95084695e+08 0.5 0.0
 3.27885714e+07  1.13791201e+07  1.94734630e+08 0.5 0.0
 3.45132331e+07  1.13624868e+07  1.94677079e+08 0.5 0.0
 3.62378947e+07  1.13451636e+07  1.94767141e+08 0.5 0.0
 3.79625564e+07  1.13274595e+07  1.94882268e+08 0.5 0.0
 3.96872180e+07  1.13080478e+07  1.95109754e+08 0.5 0.0
 4.14118797e+07  1.12886360e+07  1.95337241e+08 0.5 0.0
 4.31365414e+07  1.12683420e+07  1.95212938e+08 0.5 0.0
 4.48612030e+07  1.12471784e+07  1.94741877e+08 0.5 0.0
 4.65858647e+07  1.12260147e+07  1.94270816e+08 0.5 0.0
 4.83105263e+07  1.12031316e+07  1.94146427e+08 0.5 0.0
 5.00351880e+07  1.11792005e+07  1.94233349e+08 0.5 0.0
 5.17598496e+07  1.11552693e+07  1.94320270e+08 0.5 0.0
 5.34845113e+07  1.11302468e+07  1.94211753e+08 0.5 0.0
 5.52091729e+07  1.11042529e+07  1.93929291e+08 0.5 0.0
 5.69338346e+07  1.10782591e+07  1.93646829e+08 0.5 0.0
 5.86584962e+07  1.10516927e+07  1.93381366e+08 0.5 0.0
 6.03831579e+07  1.10231041e+07  1.93175956e+08 0.5 0.0
 6.21078195e+07  1.09945154e+07  1.92970545e+08 0.5 0.0
 6.38324812e+07  1.09659267e+07  1.92765135e+08 0.5 0.0
 6.55571429e+07  1.09356198e+07  1.92501202e+08 0.5 0.0
 6.72818045e+07  1.09045329e+07  1.92210699e+08 0.5 0.0
 6.90064662e+07  1.08734459e+07  1.91920196e+08 0.5 0.0
 7.07311278e+07  1.08423590e+07  1.91629693e+08 0.5 0.0
 7.24557895e+07  1.08085998e+07  1.91594491e+08 0.5 0.0
 7.41804511e+07  1.07746213e+07  1.91580253e+08 0.5 0.0
 7.59051128e+07  1.07406427e+07  1.91566015e+08 0.5 0.0
 7.76297744e+07  1.07066642e+07  1.91551776e+08 0.5 0.0
 7.93544361e+07  1.06706067e+07  1.91138193e+08 0.5 0.0
 8.10790977e+07  1.06343723e+07  1.90690635e+08 0.5 0.0
 8.28037594e+07  1.05981379e+07  1.90243077e+08 0.5 0.0
 8.45284211e+07  1.05619036e+07  1.89795518e+08 0.5 0.0
 8.62530827e+07  1.05236258e+07  1.89621862e+08 0.5 0.0
 8.79777444e+07  1.04843482e+07  1.89582210e+08 0.5 0.0
 8.97024060e+07  1.04450707e+07  1.89542557e+08 0.5 0.0
 9.14270677e+07  1.04057931e+07  1.89502905e+08 0.5 0.0
 9.31517293e+07  1.03661178e+07  1.89424411e+08 0.5 0.0
 9.48763910e+07  1.03244310e+07  1.89149485e+08 0.5 0.0
 9.66010526e+07  1.02827441e+07  1.88874559e+08 0.5 0.0
 9.83257143e+07  1.02410573e+07  1.88599633e+08 0.5 0.0
 1.00050376e+08  1.01993705e+07  1.88324707e+08 0.5 0.0
 1.01775038e+08  1.01567172e+07  1.88003897e+08 0.5 0.0
 1.03499699e+08  1.01125611e+07  1.87611742e+08 0.5 0.0
 1.05224361e+08  1.00684050e+07  1.87219586e+08 0.5 0.0
 1.06949023e+08  1.00242489e+07  1.86827430e+08 0.5 0.0
 1.08673684e+08  9.98009282e+06  1.86435275e+08 0.5 0.0
 1.10398346e+08  9.93507442e+06  1.86067775e+08 0.5 0.0
 1.12123008e+08  9.88839058e+06  1.85747894e+08 0.5 0.0
 1.13847669e+08  9.84170674e+06  1.85428013e+08 0.5 0.0
 1.15572331e+08  9.79502290e+06  1.85108132e+08 0.5 0.0
 1.17296992e+08  9.74833906e+06  1.84788251e+08 0.5 0.0
 1.19021654e+08  9.70165306e+06  1.84468332e+08 0.5 0.0
 1.20746316e+08  9.65271092e+06  1.84108771e+08 0.5 0.0
 1.22470977e+08  9.60376877e+06  1.83749209e+08 0.5 0.0
 1.24195639e+08  9.55482663e+06  1.83389648e+08 0.5 0.0
 1.25920301e+08  9.50588448e+06  1.83030086e+08 0.5 0.0
 1.27644962e+08  9.45694234e+06  1.82670525e+08 0.5 0.0
 1.29369624e+08  9.40726578e+06  1.82312695e+08 0.5 0.0
 1.31094286e+08  9.35624594e+06  1.81958034e+08 0.5 0.0
 1.32818947e+08  9.30522609e+06  1.81603373e+08 0.5 0.0
 1.34543609e+08  9.25420625e+06  1.81248711e+08 0.5 0.0
 1.36268271e+08  9.20318640e+06  1.80894050e+08 0.5 0.0
 1.37992932e+08  9.15216656e+06  1.80539389e+08 0.5 0.0
 1.39717594e+08  9.10044345e+06  1.80167976e+08 0.5 0.0
 1.41442256e+08  9.04757916e+06  1.79769380e+08 0.5 0.0
 1.43166917e+08  8.99471488e+06  1.79370785e+08 0.5 0.0
 1.44891579e+08  8.94185059e+06  1.78972189e+08 0.5 0.0
 1.46616241e+08  8.88898631e+06  1.78573594e+08 0.5 0.0
 1.48340902e+08  8.83612202e+06  1.78174998e+08 0.5 0.0
 1.50065564e+08  8.78315568e+06  1.77777060e+08 0.5 0.0
 1.51790226e+08  8.72876826e+06  1.77388279e+08 0.5 0.0
 1.53514887e+08  8.67438083e+06  1.76999497e+08 0.5 0.0
 1.55239549e+08  8.61999341e+06  1.76610716e+08 0.5 0.0
 1.56964211e+08  8.56560599e+06  1.76221935e+08 0.5 0.0
 1.58688872e+08  8.51121857e+06  1.75833153e+08 0.5 0.0
 1.60413534e+08  8.45683114e+06  1.75444372e+08 0.5 0.0
 1.62138195e+08  8.40200524e+06  1.75031142e+08 0.5 0.0
 1.63862857e+08  8.34646888e+06  1.74578299e+08 0.5 0.0
 1.65587519e+08  8.29093252e+06  1.74125456e+08 0.5 0.0
 1.67312180e+08  8.23539615e+06  1.73672612e+08 0.5 0.0
 1.69036842e+08  8.17985979e+06  1.73219769e+08 0.5 0.0
 1.70761504e+08  8.12432343e+06  1.72766926e+08 0.5 0.0
 1.72486165e+08  8.06878706e+06  1.72314083e+08 0.5 0.0
 1.74210827e+08  8.01303318e+06  1.71864407e+08 0.5 0.0
 1.75935489e+08  7.95676244e+06  1.71422258e+08 0.5 0.0
 1.77660150e+08  7.90049170e+06  1.70980109e+08 0.5 0.0
 1.79384812e+08  7.84422096e+06  1.70537959e+08 0.5 0.0
 1.81109474e+08  7.78795022e+06  1.70095810e+08 0.5 0.0
 1.82834135e+08  7.73167948e+06  1.69653661e+08 0.5 0.0
 1.84558797e+08  7.67540874e+06  1.69211512e+08 0.5 0.0
 1.86283459e+08  7.61913800e+06  1.68769363e+08 0.5 0.0
 1.88008120e+08  7.56263458e+06  1.68295467e+08 0.5 0.0
 1.89732782e+08  7.50606168e+06  1.67812092e+08 0.5 0.0
 1.91457444e+08  7.44948878e+06  1.67328718e+08 0.5 0.0
 1.93182105e+08  7.39291588e+06  1.66845343e+08 0.5 0.0
 1.94906767e+08  7.33634298e+06  1.66361969e+08 0.5 0.0
 1.96631429e+08  7.27977008e+06  1.65878594e+08 0.5 0.0
 1.98356090e+08  7.22319719e+06  1.65395219e+08 0.5 0.0
 2.00080752e+08  7.16662429e+06  1.64911845e+08 0.5 0.0
 2.01805414e+08  7.11020125e+06  1.64432596e+08 0.5 0.0
 2.03530075e+08  7.05382483e+06  1.63954632e+08 0.5 0.0
 2.05254737e+08  6.99744842e+06  1.63476667e+08 0.5 0.0
 2.06979398e+08  6.94107200e+06  1.62998703e+08 0.5 0.0
 2.08704060e+08  6.88469559e+06  1.62520738e+08 0.5 0.0
 2.10428722e+08  6.82831918e+06  1.62042773e+08 0.5 0.0
 2.12153383e+08  6.77194276e+06  1.61564809e+08 0.5 0.0
 2.13878045e+08  6.71556635e+06  1.61086844e+08 0.5 0.0
 2.15602707e+08  6.65937480e+06  1.60602101e+08 0.5 0.0
 2.17327368e+08  6.60383152e+06  1.60093591e+08 0.5 0.0
 2.19052030e+08  6.54828823e+06  1.59585081e+08 0.5 0.0
 2.20776692e+08  6.49274495e+06  1.59076570e+08 0.5 0.0
 2.22501353e+08  6.43720166e+06  1.58568060e+08 0.5 0.0
 2.24226015e+08  6.38165838e+06  1.58059549e+08 0.5 0.0
 2.25950677e+08  6.32611509e+06  1.57551039e+08 0.5 0.0
 2.27675338e+08  6.27057180e+06  1.57042529e+08 0.5 0.0
 2.29400000e+08  6.21502852e+06  1.56534018e+08 0.5 0.0
 2.31124662e+08  6.15958343e+06  1.56022994e+08 0.5 0.0
 2.32849323e+08  6.10539870e+06  1.55479697e+08 0.5 0.0
 2.34573985e+08  6.05121396e+06  1.54936401e+08 0.5 0.0
 2.36298647e+08  5.99702923e+06  1.54393105e+08 0.5 0.0
 2.38023308e+08  5.94284450e+06  1.53849809e+08 0.5 0.0
 2.39747970e+08  5.88865976e+06  1.53306512e+08 0.5 0.0
 2.41472632e+08  5.83447503e+06  1.52763216e+08 0.5 0.0
 2.43197293e+08  5.78029030e+06  1.52219920e+08 0.5 0.0
 2.44921955e+08  5.72610556e+06  1.51676624e+08 0.5 0.0
 2.46646617e+08  5.67192083e+06  1.51133327e+08 0.5 0.0
 2.48371278e+08  5.61825255e+06  1.50593482e+08 0.5 0.0
 2.50095940e+08  5.56608627e+06  1.50063674e+08 0.5 0.0
 2.51820602e+08  5.51391999e+06  1.49533865e+08 0.5 0.0
 2.53545263e+08  5.46175372e+06  1.49004057e+08 0.5 0.0
 2.55269925e+08  5.40958744e+06  1.48474248e+08 0.5 0.0
 2.56994586e+08  5.35742116e+06  1.47944439e+08 0.5 0.0
 2.58719248e+08  5.30525489e+06  1.47414631e+08 0.5 0.0
 2.60443910e+08  5.25308861e+06  1.46884822e+08 0.5 0.0
 2.62168571e+08  5.20092233e+06  1.46355014e+08 0.5 0.0
 2.63893233e+08  5.14875605e+06  1.45825205e+08 0.5 0.0
 2.65617895e+08  5.09658978e+06  1.45295397e+08 0.5 0.0
 2.67342556e+08  5.04624290e+06  1.44743815e+08 0.5 0.0
 2.69067218e+08  4.99666441e+06  1.44183038e+08 0.5 0.0
 2.70791880e+08  4.94708592e+06  1.43622261e+08 0.5 0.0
 2.72516541e+08  4.89750744e+06  1.43061484e+08 0.5 0.0
 2.74241203e+08  4.84792895e+06  1.42500708e+08 0.5 0.0
 2.75965865e+08  4.79835046e+06  1.41939931e+08 0.5 0.0
 2.77690526e+08  4.74877198e+06  1.41379154e+08 0.5 0.0
 2.79415188e+08  4.69919349e+06  1.40818377e+08 0.5 0.0
 2.81139850e+08  4.64961501e+06  1.40257600e+08 0.5 0.0
 2.82864511e+08  4.60003652e+06  1.39696823e+08 0.5 0.0
 2.84589173e+08  4.55045803e+06  1.39136046e+08 0.5 0.0
 2.86313835e+08  4.50215417e+06  1.38578416e+08 0.5 0.0
 2.88038496e+08  4.45565525e+06  1.38025240e+08 0.5 0.0
 2.89763158e+08  4.40915633e+06  1.37472065e+08 0.5 0.0
 2.91487820e+08  4.36265741e+06  1.36918890e+08 0.5 0.0
 2.93212481e+08  4.31615849e+06  1.36365714e+08 0.5 0.0
 2.94937143e+08  4.26965957e+06  1.35812539e+08 0.5 0.0
 2.96661805e+08  4.22316064e+06  1.35259363e+08 0.5 0.0
 2.98386466e+08  4.17666172e+06  1.34706188e+08 0.5 0.0
 3.00111128e+08  4.13016280e+06  1.34153013e+08 0.5 0.0
 3.01835789e+08  4.08366388e+06  1.33599837e+08 0.5 0.0
 3.03560451e+08  4.03716496e+06  1.33046662e+08 0.5 0.0
 3.05285113e+08  3.99086343e+06  1.32492789e+08 0.5 0.0
 3.07009774e+08  3.94760324e+06  1.31928162e+08 0.5 0.0
 3.08734436e+08  3.90434305e+06  1.31363535e+08 0.5 0.0
 3.10459098e+08  3.86108287e+06  1.30798908e+08 0.5 0.0
 3.12183759e+08  3.81782268e+06  1.30234281e+08 0.5 0.0
 3.13908421e+08  3.77456250e+06  1.29669654e+08 0.5 0.0
 3.15633083e+08  3.73130231e+06  1.29105027e+08 0.5 0.0
 3.17357744e+08  3.68804212e+06  1.28540400e+08 0.5 0.0
 3.19082406e+08  3.64478194e+06  1.27975773e+08 0.5 0.0
 3.20807068e+08  3.60152175e+06  1.27411146e+08 0.5 0.0
 3.22531729e+08  3.55826157e+06  1.26846519e+08 0.5 0.0
 3.24256391e+08  3.51586651e+06  1.26279736e+08 0.5 0.0
 3.25981053e+08  3.47580547e+06  1.25707136e+08 0.5 0.0
 3.27705714e+08  3.43574443e+06  1.25134537e+08 0.5 0.0
 3.29430376e+08  3.39568339e+06  1.24561937e+08 0.5 0.0
 3.31155038e+08  3.35562236e+06  1.23989337e+08 0.5 0.0
 3.32879699e+08  3.31556132e+06  1.23416737e+08 0.5 0.0
 3.34604361e+08  3.27550028e+06  1.22844138e+08 0.5 0.0
 3.36329023e+08  3.23543924e+06  1.22271538e+08 0.5 0.0
 3.38053684e+08  3.19537820e+06  1.21698938e+08 0.5 0.0
 3.39778346e+08  3.15531716e+06  1.21126339e+08 0.5 0.0
 3.41503008e+08  3.11525612e+06  1.20553739e+08 0.5 0.0
 3.43227669e+08  3.07818546e+06  1.20001169e+08 0.5 0.0
 3.44952331e+08  3.04123564e+06  1.19449408e+08 0.5 0.0
 3.46676992e+08  3.00428583e+06  1.18897647e+08 0.5 0.0
 3.48401654e+08  2.96733601e+06  1.18345886e+08 0.5 0.0
 3.50126316e+08  2.93038620e+06  1.17794125e+08 0.5 0.0
 3.51850977e+08  2.89343639e+06  1.17242364e+08 0.5 0.0
 3.53575639e+08  2.85648657e+06  1.16690603e+08 0.5 0.0
 3.55300301e+08  2.81953676e+06  1.16138842e+08 0.5 0.0
 3.57024962e+08  2.78258694e+06  1.15587081e+08 0.5 0.0
 3.58749624e+08  2.74584109e+06  1.15033646e+08 0.5 0.0
 3.60474286e+08  2.71183190e+06  1.14457746e+08 0.5 0.0
 3.62198947e+08  2.67782271e+06  1.13881845e+08 0.5 0.0
 3.63923609e+08  2.64381352e+06  1.13305945e+08 0.5 0.0
 3.65648271e+08  2.60980433e+06  1.12730045e+08 0.5 0.0
 3.67372932e+08  2.57579514e+06  1.12154145e+08 0.5 0.0
 3.69097594e+08  2.54178594e+06  1.11578244e+08 0.5 0.0
 3.70822256e+08  2.50777675e+06  1.11002344e+08 0.5 0.0
 3.72546917e+08  2.47376756e+06  1.10426444e+08 0.5 0.0
 3.74271579e+08  2.43975837e+06  1.09850543e+08 0.5 0.0
 3.75996241e+08  2.40731376e+06  1.09266726e+08 0.5 0.0
 3.77720902e+08  2.37606863e+06  1.08676838e+08 0.5 0.0
 3.79445564e+08  2.34482349e+06  1.08086950e+08 0.5 0.0
 3.81170226e+08  2.31357835e+06  1.07497063e+08 0.5 0.0
 3.82894887e+08  2.28233321e+06  1.06907175e+08 0.5 0.0
 3.84619549e+08  2.25108807e+06  1.06317287e+08 0.5 0.0
 3.86344211e+08  2.21984293e+06  1.05727400e+08 0.5 0.0
 3.88068872e+08  2.18859779e+06  1.05137512e+08 0.5 0.0
 3.89793534e+08  2.15735266e+06  1.04547624e+08 0.5 0.0
 3.91518195e+08  2.12720496e+06  1.03967270e+08 0.5 0.0
 3.93242857e+08  2.09855900e+06  1.03399963e+08 0.5 0.0
 3.94967519e+08  2.06991304e+06  1.02832655e+08 0.5 0.0
 3.96692180e+08  2.04126708e+06  1.02265347e+08 0.5 0.0
 3.98416842e+08  2.01262111e+06  1.01698039e+08 0.5 0.0
 4.00141504e+08  1.98397515e+06  1.01130731e+08 0.5 0.0
 4.01866165e+08  1.95532919e+06  1.00563424e+08 0.5 0.0
 4.03590827e+08  1.92668323e+06  9.99961157e+07 0.5 0.0
 4.05315489e+08  1.89803727e+06  9.94288079e+07 0.5 0.0
 4.07040150e+08  1.87085120e+06  9.88721506e+07 0.5 0.0
 4.08764812e+08  1.84458019e+06  9.83221691e+07 0.5 0.0
 4.10489474e+08  1.81830918e+06  9.77721876e+07 0.5 0.0
 4.12214135e+08  1.79203817e+06  9.72222061e+07 0.5 0.0
 4.13938797e+08  1.76576716e+06  9.66722246e+07 0.5 0.0
 4.15663459e+08  1.73949615e+06  9.61222431e+07 0.5 0.0
 4.17388120e+08  1.71322514e+06  9.55722616e+07 0.5 0.0
 4.19112782e+08  1.68695414e+06  9.50222801e+07 0.5 0.0
 4.20837444e+08  1.66098558e+06  9.44699962e+07 0.5 0.0
 4.22562105e+08  1.63691141e+06  9.39032912e+07 0.5 0.0
 4.24286767e+08  1.61283724e+06  9.33365861e+07 0.5 0.0
 4.26011429e+08  1.58876307e+06  9.27698811e+07 0.5 0.0
 4.27736090e+08  1.56468890e+06  9.22031761e+07 0.5 0.0
 4.29460752e+08  1.54061474e+06  9.16364710e+07 0.5 0.0
 4.31185414e+08  1.51654057e+06  9.10697660e+07 0.5 0.0
 4.32910075e+08  1.49246640e+06  9.05030609e+07 0.5 0.0
 4.34634737e+08  1.46839223e+06  8.99363559e+07 0.5 0.0
 4.36359398e+08  1.44627370e+06  8.93821661e+07 0.5 0.0
 4.38084060e+08  1.42419599e+06  8.88282375e+07 0.5 0.0
 4.39808722e+08  1.40211828e+06  8.82743090e+07 0.5 0.0
 4.41533383e+08  1.38004058e+06  8.77203804e+07 0.5 0.0
 4.43258045e+08  1.35796287e+06  8.71664518e+07 0.5 0.0
 4.44982707e+08  1.33588516e+06  8.66125233e+07 0.5 0.0
 4.46707368e+08  1.31380745e+06  8.60585947e+07 0.5 0.0
 4.48432030e+08  1.29197873e+06  8.55049144e+07 0.5 0.0
 4.50156692e+08  1.27175170e+06  8.49528312e+07 0.5 0.0
 4.51881353e+08  1.25152468e+06  8.44007480e+07 0.5 0.0
 4.53606015e+08  1.23129766e+06  8.38486648e+07 0.5 0.0
 4.55330677e+08  1.21107064e+06  8.32965815e+07 0.5 0.0
 4.57055338e+08  1.19084361e+06  8.27444983e+07 0.5 0.0
 4.58780000e+08  1.17061659e+06  8.21924151e+07 0.5 0.0
 4.60504662e+08  1.15038957e+06  8.16403319e+07 0.5 0.0
 4.62229323e+08  1.13114029e+06  8.10816938e+07 0.5 0.0
 4.63953985e+08  1.11258398e+06  8.05184102e+07 0.5 0.0
 4.65678647e+08  1.09402767e+06  7.99551265e+07 0.5 0.0
 4.67403308e+08  1.07547136e+06  7.93918428e+07 0.5 0.0
 4.69127970e+08  1.05691505e+06  7.88285591e+07 0.5 0.0
 4.70852632e+08  1.03835874e+06  7.82652754e+07 0.5 0.0
 4.72577293e+08  1.01980242e+06  7.77019918e+07 0.5 0.0
 4.74301955e+08  1.00174712e+06  7.71504317e+07 0.5 0.0
 4.76026617e+08  9.84701550e+05  7.66224991e+07 0.5 0.0
 4.77751278e+08  9.67655977e+05  7.60945664e+07 0.5 0.0
 4.79475940e+08  9.50610403e+05  7.55666338e+07 0.5 0.0
 4.81200602e+08  9.33564829e+05  7.50387012e+07 0.5 0.0
 4.82925263e+08  9.16519256e+05  7.45107686e+07 0.5 0.0
 4.84649925e+08  8.99473682e+05  7.39828360e+07 0.5 0.0
 4.86374586e+08  8.82936941e+05  7.34509338e+07 0.5 0.0
 4.88099248e+08  8.67274259e+05  7.29122127e+07 0.5 0.0
 4.89823910e+08  8.51611576e+05  7.23734917e+07 0.5 0.0
 4.91548571e+08  8.35948894e+05  7.18347706e+07 0.5 0.0
 4.93273233e+08  8.20286211e+05  7.12960496e+07 0.5 0.0
 4.94997895e+08  8.04623529e+05  7.07573285e+07 0.5 0.0
 4.96722556e+08  7.88960846e+05  7.02186075e+07 0.5 0.0
 4.98447218e+08  7.74159632e+05  6.96769219e+07 0.5 0.0
 5.00171880e+08  7.59748397e+05  6.91338944e+07 0.5 0.0
 5.01896541e+08  7.45337161e+05  6.85908668e+07 0.5 0.0
 5.03621203e+08  7.30925926e+05  6.80478392e+07 0.5 0.0
 5.05345865e+08  7.16514691e+05  6.75048117e+07 0.5 0.0
 5.07070526e+08  7.02103455e+05  6.69617841e+07 0.5 0.0
 5.08795188e+08  6.88019348e+05  6.64163747e+07 0.5 0.0
 5.10519850e+08  6.74747449e+05  6.58650515e+07 0.5 0.0
 5.12244511e+08  6.61475549e+05  6.53137283e+07 0.5 0.0
 5.13969173e+08  6.48203649e+05  6.47624051e+07 0.5 0.0
 5.15693835e+08  6.34931750e+05  6.42110819e+07 0.5 0.0
 5.17418496e+08  6.21659850e+05  6.36597587e+07 0.5 0.0
 5.19143158e+08  6.08549768e+05  6.31122965e+07 0.5 0.0
 5.20867820e+08  5.96299547e+05  6.25853508e+07 0.5 0.0
 5.22592481e+08  5.84049327e+05  6.20584050e+07 0.5 0.0
 5.24317143e+08  5.71799106e+05  6.15314593e+07 0.5 0.0
 5.26041805e+08  5.59548886e+05  6.10045135e+07 0.5 0.0
 5.27766466e+08  5.47298665e+05  6.04775678e+07 0.5 0.0
 5.29491128e+08  5.35332698e+05  5.99471704e+07 0.5 0.0
 5.31215789e+08  5.24023206e+05  5.94088014e+07 0.5 0.0
 5.32940451e+08  5.12713715e+05  5.88704325e+07 0.5 0.0
 5.34665113e+08  5.01404224e+05  5.83320635e+07 0.5 0.0
 5.36389774e+08  4.90094733e+05  5.77936946e+07 0.5 0.0
 5.38114436e+08  4.78785242e+05  5.72553256e+07 0.5 0.0
 5.39839098e+08  4.68073257e+05  5.67161010e+07 0.5 0.0
 5.41563759e+08  4.57609060e+05  5.61765215e+07 0.5 0.0
 5.43288421e+08  4.47144863e+05  5.56369420e+07 0.5 0.0
 5.45013083e+08  4.36680666e+05  5.50973625e+07 0.5 0.0
 5.46737744e+08  4.26216468e+05  5.45577831e+07 0.5 0.0
 5.48462406e+08  4.16041685e+05  5.40198629e+07 0.5 0.0
 5.50187068e+08  4.06354475e+05  5.34847383e+07 0.5 0.0
 5.51911729e+08  3.96667265e+05  5.29496137e+07 0.5 0.0
 5.53636391e+08  3.86980055e+05  5.24144890e+07 0.5 0.0
 5.55361053e+08  3.77292845e+05  5.18793644e+07 0.5 0.0
 5.57085714e+08  3.67806223e+05  5.13445662e+07 0.5 0.0
 5.58810376e+08  3.58816889e+05  5.08105772e+07 0.5 0.0
 5.60535038e+08  3.49827556e+05  5.02765883e+07 0.5 0.0
 5.62259699e+08  3.40838222e+05  4.97425993e+07 0.5 0.0
 5.63984361e+08  3.31848889e+05  4.92086103e+07 0.5 0.0
 5.65709023e+08  3.23142085e+05  4.86724861e+07 0.5 0.0
 5.67433684e+08  3.14778239e+05  4.81337700e+07 0.5 0.0
 5.69158346e+08  3.06414394e+05  4.75950539e+07 0.5 0.0
 5.70883008e+08  2.98050548e+05  4.70563377e+07 0.5 0.0
 5.72607669e+08  2.89686702e+05  4.65176216e+07 0.5 0.0
 5.74332331e+08  2.81831595e+05  4.59767870e+07 0.5 0.0
 5.76056992e+08  2.74055690e+05  4.54356226e+07 0.5 0.0
 5.77781654e+08  2.66279786e+05  4.48944582e+07 0.5 0.0
 5.79506316e+08  2.58503881e+05  4.43532938e+07 0.5 0.0
 5.81230977e+08  2.51002864e+05  4.38027802e+07 0.5 0.0
 5.82955639e+08  2.43765099e+05  4.32433133e+07 0.5 0.0
 5.84680301e+08  2.36527333e+05  4.26838464e+07 0.5 0.0
 5.86404962e+08  2.29289568e+05  4.21243796e+07 0.5 0.0
 5.88129624e+08  2.22229601e+05  4.15728953e+07 0.5 0.0
 5.89854286e+08  2.15456711e+05  4.10342999e+07 0.5 0.0
 5.91578947e+08  2.08683821e+05  4.04957045e+07 0.5 0.0
 5.93303609e+08  2.01910931e+05  3.99571091e+07 0.5 0.0
 5.95028271e+08  1.95360295e+05  3.94076045e+07 0.5 0.0
 5.96752932e+08  1.89044671e+05  3.88465647e+07 0.5 0.0
 5.98477594e+08  1.82729047e+05  3.82855248e+07 0.5 0.0
 6.00202256e+08  1.76413422e+05  3.77244849e+07 0.5 0.0
 6.01926917e+08  1.70413887e+05  3.71603647e+07 0.5 0.0
 6.03651579e+08  1.64494180e+05  3.65954665e+07 0.5 0.0
 6.05376241e+08  1.58574473e+05  3.60305683e+07 0.5 0.0
 6.07100902e+08  1.52777171e+05  3.54695576e+07 0.5 0.0
 6.08825564e+08  1.47233834e+05  3.49166123e+07 0.5 0.0
 6.10550226e+08  1.41690496e+05  3.43636671e+07 0.5 0.0
 6.12274887e+08  1.36163740e+05  3.38101760e+07 0.5 0.0
 6.13999549e+08  1.30957275e+05  3.32461409e+07 0.5 0.0
 6.15724211e+08  1.25750811e+05  3.26821058e+07 0.5 0.0
 6.17448872e+08  1.20544346e+05  3.21180707e+07 0.5 0.0
 6.19173534e+08  1.15644408e+05  3.15403684e+07 0.5 0.0
 6.20898195e+08  1.10753834e+05  3.09622486e+07 0.5 0.0
 6.22622857e+08  1.05886130e+05  3.03835595e+07 0.5 0.0
 6.24347519e+08  1.01292425e+05  2.97980493e+07 0.5 0.0
 6.26072180e+08  9.66987211e+04  2.92125391e+07 0.5 0.0
 6.27796842e+08  9.21949099e+04  2.86230106e+07 0.5 0.0
 6.29521504e+08  8.78525426e+04  2.80262656e+07 0.5 0.0
 6.31246165e+08  8.35101753e+04  2.74295206e+07 0.5 0.0
 6.32970827e+08  7.93779532e+04  2.68303749e+07 0.5 0.0
 6.34695489e+08  7.52924773e+04  2.62306953e+07 0.5 0.0
 6.36420150e+08  7.13051478e+04  2.56251016e+07 0.5 0.0
 6.38144812e+08  6.74453191e+04  2.50118249e+07 0.5 0.0
 6.39869474e+08  6.36303991e+04  2.43966392e+07 0.5 0.0
 6.41594135e+08  5.99860305e+04  2.37742036e+07 0.5 0.0
 6.43318797e+08  5.63667326e+04  2.31506475e+07 0.5 0.0
 6.45043459e+08  5.29199834e+04  2.25193793e+07 0.5 0.0
 6.46768120e+08  4.95066107e+04  2.18843423e+07 0.5 0.0
 6.48492782e+08  4.62408090e+04  2.12326416e+07 0.5 0.0
 6.50217444e+08  4.30407188e+04  2.05808501e+07 0.5 0.0
 6.51942105e+08  3.99499591e+04  1.99289073e+07 0.5 0.0
 6.53666767e+08  3.69636613e+04  1.92626652e+07 0.5 0.0
 6.55391429e+08  3.40430080e+04  1.85881806e+07 0.5 0.0
 6.57116090e+08  3.12533162e+04  1.79010886e+07 0.5 0.0
 6.58840752e+08  2.85634644e+04  1.72069801e+07 0.5 0.0
 6.60565414e+08  2.59633195e+04  1.65035511e+07 0.5 0.0
 6.62290075e+08  2.34580599e+04  1.57865132e+07 0.5 0.0
 6.64014737e+08  2.10658426e+04  1.50571442e+07 0.5 0.0
 6.65739398e+08  1.87730694e+04  1.43074238e+07 0.5 0.0
 6.67464060e+08  1.65881870e+04  1.35463346e+07 0.5 0.0
 6.69188722e+08  1.45066095e+04  1.27676651e+07 0.5 0.0
 6.70913383e+08  1.25198799e+04  1.19588899e+07 0.5 0.0
 6.72638045e+08  1.06677285e+04  1.11348134e+07 0.5 0.0
 6.74362707e+08  8.91629851e+03  1.02833663e+07 0.5 0.0
 6.76087368e+08  7.28617084e+03  9.39704372e+06 0.5 0.0
 6.77812030e+08  5.78026773e+03  8.47554810e+06 0.5 0.0
 6.79536692e+08  4.40289637e+03  7.50240103e+06 0.5 0.0
 6.81261353e+08  3.16365486e+03  6.47165500e+06 0.5 0.0
 6.82986015e+08  2.08029038e+03  5.35911490e+06 0.5 0.0
 6.84710677e+08  1.16049977e+03  4.12500892e+06 0.5 0.0
 6.86435338e+08  4.48313830e+02  2.69339524e+06 0.5 0.0
 6.88160000e+08  1.75780000e+01  6.55733798e+05 0.5 0.0
# Timmes/Schwab half-and-half Helmholtz WD, total mass: 0.841103768