# s15s7b2 of Woosley & Weaver (1995)
number of variables = 4
dens
temp
velx
ye
2355325.38024 9135422954.75 8095911601.11 -2300448.05469 0.422267148186
5355593.39479 8973232579.17 8091570565.64 -5859512.84323 0.422437638425
6550276.03304 8827181392.79 8087371299.41 -6931602.40925 0.422593561718
7617992.44322 8673508417.45 8082654896.97 -7941016.18145 0.422760183505
8737034.0146 8488600623.28 8076596707.92 -9111318.82807 0.422964214831
9842592.82848 8293320734.08 8069676660.22 -10092656.164 0.423184572238
10818529.4066 8105662016.1 8062600654.74 -11008847.1802 0.423400922029
11762284.9729 7912539346.4 8054822681.62 -11925828.235 0.423629026242
12735919.5188 7702833721.02 8045835680.61 -12898072.0648 0.42388336406
13797019.535 7463893491.05 8034943440.82 -13982312.9675 0.424182276747
14856003.3741 7220099160.06 8023024034.41 -14947963.2057 0.42449900502
15810242.4127 6994392402.48 8011370843.12 -15827082.3157 0.424803361824
16686511.0822 6783315029.22 7999889525.65 -16639950.3552 0.425099119316
17502213.699 6584452743.45 7988485018.82 -17400307.9983 0.425389157703
18269391.7445 6396019007.35 7977305451.45 -18117953.5263 0.425674224485
18996770.7447 6216670571.06 7966179519.82 -18800148.3644 0.425956735993
19690903.9563 6045340924.69 7955160726.55 -19452443.6722 0.426237359655
20356856.6445 5881182538.22 7944136043.68 -20079188.6717 0.426517695116
20998637.8769 5723479996.36 7933404901.8 -20683869.6821 0.426796313511
21619483.1862 5571675467.36 7922505354.49 -21269320.1563 0.427077088874
22222048.1148 5425258133.4 7911830768.43 -21837890.5537 0.427357632112
22808544.7024 5283819443.82 7901156109.84 -22391550.5841 0.427640002917
23380838.3215 5146994840.16 7890527471.24 -22931971.8917 0.427924186215
23940520.2338 5014469770.64 7879935690.77 -23460586.981 0.428210490288
24488961.3989 4885968765.29 7869369850.82 -23978634.7417 0.428499164107
25027353.701 4761247950.25 7858823932.43 -24487195.749 0.428790426219
25556741.928 4640090226.77 7848293941.12 -24987219.7617 0.429084475039
26078049.1502 4522296292.74 7837924131.67 -25479550.1244 0.429380251626
26592095.615 4407709809.63 7827109456.36 -25964933.3599 0.42968316591
27099616.0759 4296145264.8 7816752198.36 -26444049.3748 0.429985299691
27601273.0564 4187472872.08 7806416479.12 -26917505.7509 0.430290473094
28097665.0837 4081576078.26 7795521303.07 -27385846.2648 0.430604198677
28589337.8623 3978309052.87 7785133101.15 -27849577.9498 0.430916453399
29076791.6507 3877575161.08 7774765485.5 -28309159.1109 0.431231706553
29560484.9805 3779287004.28 7763746244.07 -28765003.6075 0.431556675016
30040842.4748 3683322292.46 7753536769.9 -29217511.051 0.431876706355
30518258.0106 3589627321.45 7742401891.25 -29667033.9981 0.432209347379
30993098.4702 3498094228.35 7731874389.07 -30113916.0884 0.432538747917
31465708.3427 3408659751.7 7721343110.86 -30558471.7644 0.432871038433
31936409.9386 3321265531.02 7709989400.97 -31000987.387 0.433215118987
32405508.303 3235821925.39 7699554030.6 -31441749.4067 0.43355188323
32873292.0455 3152297114.28 7688029116.56 -31881007.6955 0.433903143248
33340035.198 3070610457.57 7677193594.69 -32319016.9417 0.43424898464
33806000.5098 2990714347.76 7666338969.52 -32756015.6685 0.434597583671
34271438.5301 2912566880.54 7654495794.55 -33192221.8184 0.434960328192
34736591.0712 2836098811.97 7643696430.97 -33627863.1155 0.435313145127
35201691.2289 2761287820.95 7631590472.45 -34063134.8756 0.435683897175
35666964.6514 2688068266.06 7620561202.23 -34498247.8163 0.43604371984
36132630.5427 2616420809.34 7608140977.2 -34933381.0441 0.436422776163
36598902.6603 2546283997.43 7596695213.57 -35368731.2597 0.436792128515
37065989.6992 2477645896.06 7583815460.17 -35804465.1718 0.437180984869
37534096.0138 2410449994.6 7572563765.95 -36240777.4171 0.437549672522
38003424.4159 2344664795.24 7560005363.53 -36677834.0161 0.437939345022
38474173.5952 2280270943.71 7546567819.04 -37115796.5838 0.438341609004
38946541.2539 2217214786.73 7533504554.99 -37554847.624 0.438742617241
39420723.576 2155489782.75 7521452755.35 -37995156.8606 0.439127969305
39896916.6448 2095038465.89 7507653810.37 -38436877.0361 0.439544670386
40375317.9062 2035847730.53 7494207632.51 -38880172.3852 0.439958678194
40856124.3831 1977884423.3 7480598875.74 -39325204.6349 0.440379335357
41339534.8847 1921122538.06 7466839582.76 -39772139.2636 0.440806765113
41825750.0552 1865535504.69 7452806412.11 -40221140.4489 0.441243502793
42314972.5828 1811101723.72 7438441073.29 -40672370.1629 0.441690266922
42807406.8261 1757802948.97 7423687632.5 -41125987.4498 0.442147185665
43303259.1913 1705619546.33 7408391090.05 -41582148.4083 0.442616559784
43802738.1876 1654537019.18 7392491204.59 -42041005.4774 0.443098112297
44306054.5074 1604539052.13 7375858720.94 -42502707.773 0.443593329996
44813421.2497 1555612874.89 7358425108.38 -42967401.1979 0.444101931113
45325053.7953 1507745906.54 7340118485.05 -43435233.8435 0.444623616237
45841170.1637 1460925650.19 7320790757.38 -43906349.6844 0.445159278049
46361990.9601 1415141970.32 7300530540.02 -44380889.7917 0.445705108465
46887739.9357 1370381240.64 7279328791.12 -44858993.4349 0.446259989341
47418644.7387 1326631181.6 7257149920.63 -45340797.6758 0.446822927624
47954936.9832 1283879865.89 7233989125.83 -45826438.2819 0.447392292652
48496852.7477 1242114404.34 7209875488.7 -46316051.4503 0.447966128001
49044633.3473 1201321124.64 7184872310.02 -46809775.4805 0.448542068202
49598526.1243 1161485678.57 7158979179.61 -47307752.4684 0.449119131362
50158785.4619 1122592389.53 7132319242.78 -47810136.8822 0.449694299317
50725673.8115 1084625326.5 7104892846.95 -48317086.7653 0.450266809007
51299462.7489 1047567651.25 7076785567.71 -48828765.5925 0.450834646972
51880434.0156 1011402741.47 7048026734.03 -49345341.4108 0.451396880362
52468880.3971 976114060.462 7018640121.06 -49866986.8956 0.451952749326
53065107.0975 941683942.038 6988747042.35 -50393882.3142 0.452500062189
53669432.4126 908097409.434 6958290330.19 -50926210.1114 0.453039253148
54282189.6809 875334883.127 6927479998.8 -51464164.4869 0.453567311502
54903728.3267 843382419.293 6896253297.72 -52007941.8464 0.454084577092
55534414.4398 812223330.708 6864662730.64 -52557752.6822 0.454590256335
56174632.0419 781844298.989 6832594789.17 -53113809.6258 0.455085524902
56824786.4747 752224878.078 6800357906.7 -53676342.2171 0.455565909319
57485304.0707 723357002.739 6767608366.7 -54245570.9825 0.456035433963
58156632.416 695224468.198 6734413933.61 -54821726.9433 0.456493258577
58663024.7194 674819882.12 6709565549.11 -55106729.486 0.456824236706
58983981.3674 662205455.531 6693513535.59 -55365751.1132 0.457029489215
59276226.423 650911368.798 6679822788.78 -55601064.4855 0.4572075105
59649622.8099 636803532.724 6660864590.25 -55995680.2895 0.45743995523
60240259.9758 615113725.667 6632146741.07 -56594040.0085 0.457787033346
60959831.1679 589796514.957 6597039182.99 -57200289.5969 0.458190998453
61692862.721 565149464.711 6561525953.34 -57814688.5946 0.458579114228
62439985.8455 541161743.196 6525500920.23 -58437498.2488 0.458952469318
63201886.0676 517801759.644 6489647044.66 -59069047.3151 0.459307244487
63979387.0144 494960099.345 6456873770.52 -59709975.0989 0.459643684818
64773219.4635 472909165.619 6418039976.32 -60360056.928 0.459982191209
65374180.1593 456592922.655 6400390711.61 -60682720.8819 0.460215010174
65762155.455 433335292.7 6794747100.18 -60997912.4477 0.459566912823
66125780.5993 414924148.593 7079965137.59 -61300000.5496 0.457888791119
66602729.6825 396791181.615 7273475708.81 -61828306.2259 0.456598923046
67365063.4713 380434311.345 7236818781.27 -62631385.3008 0.457088878001
68297881.1635 361517553.064 7191902371.03 -63447230.2693 0.457661481951
69253194.9288 343221189.362 7147240808.57 -64276284.1149 0.458221947182
70232110.4291 325594012.853 7101353732.95 -65118722.0688 0.458768252114
71235759.4631 308593791.868 7054746845.58 -65974732.6356 0.459305277623
72265385.8158 292209729.295 7007290220.63 -66844469.4827 0.459835234982
73322294.1799 276438699.078 6958687003.71 -67728062.4404 0.460357560215
74407878.0252 261257508.09 6908955450.55 -68625584.0135 0.460879949058
75523595.8684 246675845.889 6857486031.97 -69536788.4117 0.46140024095
76670983.6138 232667846.884 6804438866.57 -70461537.7851 0.461925358552
77851709.6097 219220651.282 6749607871.4 -71399612.5497 0.46246147361
79067528.4059 206331816.363 6692530380.98 -72350367.7675 0.463013347529
80320296.59 193984605.632 6633126177.26 -73313136.9858 0.463589771473
81611978.0626 182175084.977 6570938021.98 -74287059.724 0.464195752783
82944633.712 170891336.607 6505733897.93 -75270814.3728 0.464837557207
84320474.3244 160115901.116 6437514842.26 -76262880.1679 0.465523373799
85741790.1833 149854574.61 6365741347.94 -77261276.3727 0.466242647576
87211008.4927 140078250.258 6290808980.62 -78263906.6584 0.467002241862
88730713.0674 130787167.796 6212479398.57 -79267968.7995 0.467781649913
90303660.0121 121954354.657 6131266684.22 -80270545.1324 0.468578293025
91932898.1626 113562545.163 6047429659.01 -81268366.8196 0.469380653644
93621706.5219 105601065.045 5960977486.8 -82257518.7572 0.470169740832
95373647.551 98050032.0803 5872127861.52 -83233509.1683 0.470937064542
96879660.7288 92088887.4979 5796716001.97 -83874058.0463 0.471546742979
98123229.0045 87490795.7446 5734776556.91 -84504600.1621 0.472015164943
99399464.2192 83058540.1085 5671800706.5 -85123202.3865 0.472459922578
101048689.176 77716732.9444 5591192509.23 -86024731.5473 0.472987715775
103096356.975 71649557.6889 5493426149.26 -86887730.4321 0.473556061685
105231317.631 65922594.2511 5394699917.83 -87705871.4102 0.474059616292
107458955.598 60576950.3684 5287920750.34 -88465596.2921 0.474498901346
109784881.511 55557741.1426 5176822735.18 -89153286.9355 0.474876402433
112215798.118 50856198.0142 5060502441.2 -89754508.5465 0.475192898808
114758872.972 46460797.8055 4938277749.37 -90255108.0124 0.475452817464
117626690.582 36694189.9526 5084012485.27 -90711835.6624 0.497913694297
120830376.639 33306474.1568 4958662716.9 -90972434.655 0.49792178905
124173486.501 30237008.0896 4824599059.29 -91017192.0361 0.497931824149
127658274.656 27461198.9088 4680841040.01 -90842742.7674 0.497941963123
131286762.216 24948571.8845 4527906695.89 -90467974.2356 0.497951372246
135062070.372 22661663.7103 4367826508.73 -89931564.9994 0.497959754955
138990234.032 20561158.4041 4203600013.28 -89276338.5012 0.497967054936
143081675.827 18613553.3215 4038090360.33 -88532410.6544 0.497973284339
147351885.607 16795023.9315 3873255938.34 -87709696.398 0.497978477181
151821605.344 15090317.4746 3710020270.83 -86798760.2935 0.49798266887
156516742.554 13491876.0563 3548186663.81 -85767979.3436 0.497985839216
161469068.801 11992597.1002 3387490634.91 -84588529.8606 0.497988191087
166718404.239 10585231.6537 3227857030.32 -83211585.2539 0.497989885035
170815388.826 9600316.7763 3111312134.29 -82434025.578 0.49799061128
172965626.254 9117820.37869 3052624294.47 -81989051.192 0.497990802976
174213198.846 8073995.52418 3185631973.37 -81563152.3531 0.499976199737
175427884.043 6810746.93831 3409047012.62 -81062806.7081 0.499976199718
176670510.229 6270255.50697 3461525098.06 -80773084.465 0.499976199634
177942265.412 5208744.92981 3603917213.06 -80391731.6403 0.499976198978
179815221.626 4217655.48938 3699871988.7 -79786995.4486 0.499976200303
183473260.334 4030743.26622 3645705640.52 -78417439.402 0.499976200308
191945135.186 3639460.30688 3525033659.18 -75237973.3422 0.499976200328
203875647.426 3191166.52555 3372883772.36 -72090148.6822 0.499976200342
215928021.533 2818172.03612 3233991720.89 -69039465.922 0.499976200351
228091227.174 2503412.28653 3106961131.39 -66110875.5853 0.499976200356
240361123.359 2235062.21367 2990382639.19 -63309651.7672 0.49997620036
252736396.444 2004482.4164 2882963392.01 -60633842.4392 0.499976200364
265216656.492 1805065.36895 2783578646.17 -58079324.7655 0.499976200366
277801728.725 1631609.58799 2691269593.53 -55641501.255 0.499976200367
290491442.712 1479948.58244 2605222040.89 -53315599.5279 0.499976200368
303285601.846 1346705.19172 2524742307.74 -51096750.7067 0.499976200369
316184004.037 1229119.09008 2449238918.08 -48980823.4336 0.499976200369
329186468.547 1124917.11914 2378196574.17 -46963088.6236 0.499976200369
342292861.686 1032214.96178 2311176188.79 -45039099.4234 0.49997620037
355503120.178 949440.670352 2247793186.74 -43204646.5865 0.49997620037
368817270.228 875275.812921 2187711503.76 -41455601.359 0.49997620037
382235439.311 808608.828304 2130636215.97 -39787952.4942 0.49997620037
395757864.544 748497.835665 2076307427.68 -38197845.7184 0.49997620037
409384899.517 694140.950532 2024495253.82 -36681588.9847 0.49997620037
423117019.804 644852.432473 1974995664.77 -35235645.995 0.499976200371
436954827.5 600043.386343 1927627024.41 -33856629.6298 0.499976200371
450899055.235 559206.051831 1882227174.21 -32541296.513 0.499976200371
464950570.142 521900.946147 1838650950.6 -31286542.3664 0.499976200371
479110378.151 487746.291399 1796768079.55 -30089398.236 0.499976200371
493379628.876 456409.278172 1756461379.29 -28947027.7706 0.499976200371
507759621.409 427598.811803 1717625215.61 -27856725.2341 0.499976200371
522251811.33 401059.462496 1680164175.63 -26815913.5033 0.499976200371
536857819.294 376566.396651 1643991934.15 -25822141.2736 0.499976200371
551579441.739 353921.108058 1609030295.63 -24873079.1421 0.499976200371
566418664.622 332947.797676 1575208393.35 -23966514.7566 0.499976200371
581377681.972 313490.270735 1542462067.49 -23100347.6138 0.499976200371
596458923.022 295409.217297 1510733485.13 -22272583.8153 0.499976200371
611665097.361 278579.676318 1479971214.75 -21481331.3732 0.499976200371
624424517.468 265495.558689 1455179731.32 -20971470.415 0.499976200371
634703389.301 255500.825423 1435688897.35 -20476541.7028 0.499976200371
645093464.004 243472.001013 1405638196.26 -19996767.488 0.499976199764
658247891.472 231925.363056 1382705977.26 -19305464.0437 0.499976199764
674163729.528 218923.619805 1356154690.91 -18643887.242 0.499976199764
690241592.909 206694.710618 1330497392.0 -18010497.601 0.499976199764
706484990.446 195308.448073 1305458262.46 -17404215.184 0.499976199764
722891988.848 184705.891953 1280989379.38 -16824003.815 0.499976199764
739460740.29 174813.90254 1257084298.97 -16268811.9243 0.499976199764
756190373.624 165566.590651 1233736827.37 -15737581.6711 0.499976199764
773080873.37 156907.953138 1210933387.34 -15229267.2422 0.499976199764
790132787.13 148790.206015 1188654280.45 -14742848.6672 0.499976199764
807347012.56 141171.290109 1166877465.61 -14277338.5393 0.499976199764
824724709.142 134013.273457 1145581231.36 -13831784.4545 0.499976199764
842267286.567 127281.527205 1124745959.95 -13405269.5438 0.499976199764
859976451.439 120943.94048 1104354413.97 -12996911.087 0.499976199764
877854277.725 114970.890146 1084390167.17 -12605859.5763 0.499976199764
895903238.925 109335.401988 1064837412.7 -12231298.8398 0.499976199764
914126210.703 104012.908633 1045681161.68 -11872445.8443 0.499976199764
932526476.115 98980.9715781 1026907183.53 -11528550.0798 0.499976199764
951107737.548 94219.0542082 1008501950.17 -11198892.7178 0.499976199764
969874125.987 89708.402798 990452376.833 -10882785.904 0.499976199764
988830197.609 85431.9451443 972745548.41 -10579572.2059 0.499976199764
1007980922.9 81374.1251705 955368692.456 -10288623.9514 0.499976199764
1027331678.69 77520.7265803 938309258.016 -10009342.379 0.499976199764
1046888246.8 73858.7184559 921554999.685 -9741156.63343 0.499976199764
1066656821.82 70376.1044497 905094078.705 -9483522.57767 0.499976199764
1086644036.76 67061.7523513 888915391.096 -9235921.32948 0.499976199764
1106856974.97 63905.5018138 873007746.832 -8997858.45787 0.499976199764
1127303152.57 60898.08717 857359791.656 -8768863.15105 0.499976199764
1147990517.4 58030.9321128 841960510.352 -8548486.89834 0.499976199764
1168927470.66 55296.079716 826799247.348 -8336302.17434 0.499976199764
1190122889.86 52686.1544336 811865609.691 -8131901.22628 0.499976199764
1211586153.29 50194.303272 797149486.33 -7934894.8707 0.499976199764
1233327170.49 47814.1450186 782641059.406 -7744911.31103 0.499976199764
1255356418.41 45539.7284121 768330797.189 -7561594.99131 0.499976199764
1277684982.63 43365.4961053 754209438.387 -7384605.49007 0.499976199764
1300324603.69 41286.2528111 740267972.882 -7213616.45614 0.499976199764
1323287728.91 39297.136767 726497620.829 -7048314.59209 0.499976199764
1346587570.17 37393.5939722 712889810.551 -6888398.69421 0.499976199764
1370238168.38 35571.354824 699436155.748 -6733578.76428 0.499976199764
1394254465.56 33826.412861 686128432.056 -6583575.2114 0.499976199764
1418652385.32 32155.0053743 672958552.812 -6438118.16538 0.499976199764
1443448923.24 30553.5957048 659918544.323 -6296946.92264 0.499976199764
1468662248.28 29018.8570633 647000519.882 -6159809.54577 0.499976199764
1489973155.47 27794.2447503 636372913.434 -6070198.18288 0.499976199764
1507270843.51 26840.6362341 627886177.507 -5982200.69925 0.499976199764
1524776425.26 25913.3203403 619444976.452 -5895746.4968 0.499976199764
1541604693.69 25056.5175124 611470887.184 -5819102.98222 0.499976199764
1558612416.37 24222.0666078 603534239.135 -5735673.19454 0.499976199764
1574715420.81 23462.1130608 596151532.116 -5671163.18009 0.499976199764
1589802484.15 22773.2123298 589324949.712 -5600672.33574 0.499976199764
1604377730.23 22129.963345 582829769.559 -5543472.76473 0.499976199764
1618643895.97 21519.1205478 576548478.018 -5478614.63878 0.499976199764
1632873815.57 20929.1835294 570372416.076 -5424104.28468 0.499976199764
1647178560.56 20353.494355 564236741.54 -5361308.38347 0.499976199764
1661612948.81 19790.9787072 558132837.628 -5307989.68514 0.499976199764
1676224599.28 19238.3383752 552026650.89 -5246357.48147 0.499976199764
1690996784.95 18697.4935273 545940801.921 -5193959.49612 0.499976199764
1705959281.35 18166.0277095 539849468.855 -5133370.91391 0.499976199764
1721085066.66 17646.1405396 533779240.85 -5081858.84543 0.499976199764
1736403938.1 17135.5259549 527704648.536 -5022277.33359 0.499976199764
1751890906.33 16636.1958454 521651079.379 -4971602.36692 0.499976199764
1767579086.73 16145.858319 515592213.616 -4912955.31054 0.499976199764
1783444550.39 15666.3937644 509552719.734 -4863042.29533 0.499976199764
1799523492.2 15195.5520762 503505652.79 -4805235.78166 0.499976199764
1815791320.1 14735.1471495 497475688.32 -4756000.74427 0.499976199764
1832287073.91 14282.9865057 491435435.696 -4698935.68936 0.499976199764
1848984796.46 13840.8360508 485409908.179 -4650293.07818 0.499976199764
1865984300.14 13321.9243112 478068399.634 -4593496.94852 0.499976199764
1883310669.47 12801.6208244 473375635.236 -4544713.70409 0.499976199764
1901046179.26 12290.8093593 468710039.153 -4487696.4199 0.499976199764
1919148821.62 11792.5763609 464080486.625 -4438683.93642 0.499976199764
1937700117.25 11304.5837426 459465759.541 -4381357.02614 0.499976199764
1956654323.59 10828.7110396 454894495.207 -4332038.04392 0.499976199764
1976102419.8 10362.6292248 450345845.31 -4274303.60408 0.499976199764
1995995624.16 9908.08580935 445851659.565 -4224585.51881 0.499976199764
2016436628.11 9462.79062537 441391272.224 -4166323.30108 0.499976199764
2037373495.1 9028.41427828 436999422.329 -4116090.44972 0.499976199764
2058923410.71 8602.82569856 432653883.812 -4057149.25144 0.499976199764
2081030634.54 8187.82877283 428388939.325 -4006257.48387 0.499976199764
2103829670.9 7781.42673318 424180878.568 -3946451.82842 0.499976199764
2127259910.53 7385.60814293 420062372.228 -3894727.49636 0.499976199764
2151476203.49 6998.51361914 416007646.419 -3833838.65916 0.499976199764
2176410876.71 6622.72026817 412039123.216 -3781084.94921 0.499976199764
2202242490.39 6255.47819731 408148155.996 -3718869.86406 0.499976199764
2228893877.75 5901.18206755 404321066.423 -3664876.66244 0.499976199764
2256572168.91 5554.15118124 400609035.298 -3601077.83144 0.499976199764
2285187917.04 5223.05786349 396907423.919 -3545633.44512 0.499976199764
2314980315.96 4897.16766126 393377862.205 -3480005.07773 0.499976199764
2345843666.55 4591.18519053 389775933.261 -3422925.99219 0.499976199764
2378060885.7 4285.51850613 386471813.902 -3355243.14928 0.499976199764
2417423644.88 3949.11756215 382585993.89 -3274842.69371 0.499976199764
2460754482.63 3586.77029388 379373217.687 -3197150.27382 0.499976199764
2509286455.99 3120.45917258 379022220.069 -3104558.93254 0.499976199764
2569893529.63 2662.54209485 377940811.38 -2994334.98793 0.499976199764
2649881382.9 2449.55660206 367536505.882 -2853191.34938 0.499976199764
2743041121.7 2254.82479363 356607168.949 -2720394.50763 0.499976199764
2837489919.07 2078.44657646 346167581.353 -2595186.94968 0.499976199764
2933248145.19 1918.33227609 336183016.947 -2476710.92353 0.499976199764
3030630401.8 1761.80785644 326048094.633 -2363431.71472 0.499976199764
3130220143.46 1610.75264231 317246561.57 -2254204.48985 0.499976199764
3232317282.69 1473.66418087 308812909.429 -2148678.05987 0.499976199764
3336923385.89 1350.19147605 300685802.639 -2046814.96024 0.499976199764
3443975627.16 1239.43357964 292830371.036 -1948848.98566 0.499976199764
3553387326.17 1139.88788038 285233605.908 -1855155.55093 0.499976199764
3665076791.61 1050.21143379 277875126.636 -1766127.16626 0.499976199764
3778978236.24 969.085932909 270758193.99 -1682034.0277 0.499976199764
3895151170.17 893.817808191 263937937.307 -1602810.12356 0.499976199764
4013714586.33 824.76177775 257383534.285 -1528273.60255 0.499976199764
4134980063.48 758.226657701 251171762.707 -1457799.24239 0.499976199764
4259316635.66 696.66406982 245215584.241 -1390929.71842 0.499976199764
4386272147.67 646.26305601 239312860.857 -1327788.51839 0.499976199764
4515052509.63 602.518624281 233577478.662 -1268151.16507 0.499976199764
4645117512.57 564.90813653 228014231.86 -1211892.21269 0.499976199764
4775953495.97 532.157838176 222159020.591 -1158911.53405 0.499976199764
4907227990.9 502.798404893 217508083.165 -1109123.70347 0.499976199764
5038833139.96 475.683572086 213055486.962 -1062410.08119 0.499976199764
5171344437.22 446.595373937 207197458.749 -1018296.76734 0.499976199764
5304723473.3 423.615560889 203122615.066 -977150.45971 0.499976199764
5438356558.54 402.286159129 199211486.198 -938830.344365 0.499976199764
5572245591.69 382.451950173 195453511.523 -903158.18006 0.499976199764
5706393251.03 363.975982009 191839002.649 -869925.436999 0.499976199764
5840802806.58 346.736802515 188359081.635 -838907.721996 0.499976199764
5975478014.49 330.626322353 185005601.004 -809881.199397 0.499976199764
6110423048.37 315.548045343 181771067.412 -782636.951836 0.499976199764
6245642454.39 301.41557926 178648573.238 -756990.915334 0.499976199764
6381141122.86 288.151374713 175631736.868 -732788.64735 0.499976199764
6516924270.65 275.685652305 172714651.166 -709905.424019 0.499976199764
6652997429.56 263.955485447 169891839.092 -688242.892839 0.499976199764
6789366437.18 252.90401183 167158215.274 -667723.755868 0.499976199764
6926037427.84 242.479751465 164509052.363 -648285.844228 0.499976199764
7063016822.28 232.636013453 161939951.185 -629876.616872 0.499976199764
7200311315.92 223.330377295 159446813.901 -612448.711415 0.499976199764
7337927865.88 214.524237471 157025819.632 -595956.79841 0.499976199764
7475873677.46 206.182402298 154673402.163 -580355.699407 0.499976199764
7614156190.76 198.27273982 152386229.489 -565599.548256 0.499976199764
7752783068.19 190.765864728 150161185.055 -551641.69597 0.499976199764
7891762183.22 183.634861259 147995350.577 -538435.060783 0.499976199764
8031101610.75 176.855037689 145885990.355 -525932.676422 0.499976199764
8170809619.06 170.403708614 143830536.976 -514088.267242 0.499976199764
8310894663.55 164.260001618 141826578.322 -502856.754892 0.499976199764
8451365381.83 158.404685347 139871845.747 -492194.664556 0.499976199764
8592230590.3 152.820016354 137964203.325 -482060.441296 0.499976199764
8733499281.9 147.489602395 136101638.046 -472414.708147 0.499976199764
8875180625.07 142.398280173 134282250.864 -463220.499793 0.499976199764
9017283963.67 137.532005789 132504248.49 -454443.495428 0.499976199764
9159818818.08 132.877756404 130765935.864 -446052.25738 0.499976199764
9302794887.19 128.42344182 129065709.24 -438018.464622 0.499976199764
9446222051.4 124.157824877 127402049.826 -430317.11645 0.499976199764
9592982527.08 119.988600217 125740549.683 -422641.196503 0.499976199764
9746021760.04 115.841360371 124051056.391 -415004.80393 0.499976199764
9905474419.09 111.72459092 122335584.636 -407424.531061 0.499976199764
10071471539.2 107.646438672 120596202.901 -399920.38932 0.499976199764
10244140313.9 103.614657105 118835019.699 -392516.532145 0.499976199764
10423603913.1 99.6365588996 117054169.95 -385241.56851 0.499976199764
10609981326.8 95.7189761017 115255801.744 -378128.275804 0.499976199764
10803387236.6 91.8682282378 113442063.701 -371212.586294 0.499976199764
11003931913.5 88.0900984128 111615093.105 -364531.83752 0.499976199764
11211721143.9 84.3898171779 109777004.912 -358122.42639 0.499976199764
11426856181.2 80.7720537051 107929881.663 -352017.16087 0.499976199764
11649433722.5 77.2409136305 106075764.272 -346242.724467 0.499976199764
11879545912.0 73.7999428176 104216643.601 -340817.72281 0.499976199764
12117280368.2 70.452136274 102354452.721 -335751.743941 0.499976199764
12362720240.2 67.199951505 100491059.752 -331045.728912 0.499976199764
12615944292.3 64.045325697 98628261.2487 -326693.73097 0.499976199764
12877027021.8 60.98969625 96767776.1265 -322685.871186 0.499976199764
13146038814.6 58.0340243029 94911240.2327 -319012.026733 0.499976199764
13423046140.0 55.1788209673 93060201.7144 -315665.573422 0.499976199764
13708111790.8 52.4241760084 91216117.3814 -312646.410993 0.499976199764
14001295167.0 49.7697886412 89380350.2547 -309962.578425 0.499976199764
14302652605.2 47.2149999906 87554168.4258 -307630.033228 0.499976199764
14612237750.8 44.7588265974 85738745.2421 -305670.587693 0.499976199764
14930101971.2 42.3999941979 83935160.6915 -304108.470231 0.499976199764
15256294808.7 40.136970912 82144403.7468 -302966.376653 0.499976199764
15590864475.4 37.9679989582 80367375.3888 -302262.058945 0.499976199764
15933858398.4 35.8911240293 78604892.1598 -302006.386781 0.499976199764
16285323833.9 33.9042212765 76857690.5725 -302203.417812 0.499976199764
16645308597.4 32.0050154595 75126434.309 -302852.435685 0.499976199764
17013862060.2 30.1910833369 73411734.5371 -303951.338315 0.499976199764
17391111095.5 28.4484999222 71578889.6233 -305494.047549 0.499976199764
17777528293.0 26.7395760074 69950387.3217 -307499.912286 0.499976199764
18173768957.3 25.1084824472 68343498.4805 -309986.94128 0.499976199764
18580407871.8 23.5539444073 66754939.2099 -312980.898277 0.499976199764
18998049634.9 22.0726559832 65183605.9109 -316513.281795 0.499976199764
19427349374.5 20.6614725902 63628435.1471 -320617.849407 0.499976199764
19869019050.0 19.317418184 62088384.8495 -325326.626122 0.499976199764
20323834523.4 18.0376771996 60562428.6656 -330666.09454 0.499976199764
20792643689.2 16.8195859888 59049550.7655 -336654.010652 0.499976199764
21276375885.9 15.6606240551 57548740.6205 -343296.925777 0.499976199764
21776052855.8 14.5584055035 56058987.5301 -350588.174736 0.499976199764
22292801584.0 13.5106708513 54579274.7782 -358505.965187 0.499976199764
22827869427.7 12.5152792426 53108573.3147 -367011.353161 0.499976199764
23382642052.2 11.5702011749 51645834.7723 -376046.283285 0.499976199764
23958664831.0 10.6735115987 50189983.4894 -385532.355538 0.499976199764
24557668563.8 9.82338328472 48739907.0611 -395371.324051 0.499976199764
25181600625.9 9.01808039381 47294444.8512 -405448.319624 0.499976199764
25832663021.0 8.25595225332 45852373.8901 -415638.312084 0.499976199764
26513359290.3 7.53542762533 44412391.6458 -425815.472336 0.499976199764
27226552910.1 6.85500926474 42973095.2358 -435864.123601 0.499976199764
27975540752.6 6.21326939369 41532956.6317 -445689.250239 0.499976199764
28764146515.7 5.60884615931 40090293.1802 -455224.385325 0.499976199764
29596841031.0 5.04044057747 38643232.2831 -464435.274203 0.499976199764
30478899257.3 4.50681509585 37189668.2169 -473318.920908 0.499976199764
31416608285.1 4.0067921735 35727207.8464 -481899.163508 0.499976199764
32417547758.7 3.53925372393 34253100.368 -490221.256742 0.499976199764
33490975465.7 3.10314080415 32764143.996 -498348.23385 0.499976199764
34648369791.3 2.6974536408 31256559.6156 -506359.780408 0.499976199764
35904213207.7 2.32125265614 29725817.3028 -514348.457592 0.499976199764
37277159197.4 1.97366086421 28166395.2265 -522398.052264 0.499976199764
38791834641.5 1.65386862329 26571439.2071 -530519.059512 0.499976199764
40481748798.9 1.36114139995 24932269.2117 -538520.834247 0.499976199764
42394251531.1 1.09483085165 23237635.6778 -545841.662683 0.499976199764
44265117766.1 0.887476291592 21733858.6475 -550260.677113 0.499976199764
45984578938.2 0.732703685195 20464729.9138 -553047.166544 0.499976199765
47738641834.1 0.6034519675 19275585.8248 -554205.432704 0.499976199766
49412764800.1 0.501996947969 18233448.7926 -554008.419111 0.499976354211
51027620668.5 0.420607941295 17306494.2691 -552757.651644 0.499998172401
52730666963.9 0.34928635372 16408400.1259 -550504.790371 0.500014866082
54736093077.2 0.279667595914 15451145.9863 -546498.087389 0.501516886215
56726672843.9 0.218789766355 14604079.7492 -542786.318523 0.512440825076
58482968993.5 0.180152472851 13939653.7807 -538445.902986 0.517938887025
60309117636.0 0.14835984302 13318552.7895 -533476.145319 0.522858514989
62252893051.7 0.110545286961 12736679.7348 -527663.88948 0.565001083143
64406854931.0 0.0909674527409 12170732.3719 -520793.525577 0.57571733468
66837286902.4 0.074140489536 11599562.8145 -512686.965115 0.586505556982
69855810862.1 0.057642639454 10975193.9827 -501413.217374 0.606367050122
73533369955.7 0.0438328274997 10319423.0261 -488348.680426 0.629243403185
77601083845.5 0.0343653058316 9696015.1996 -473897.921705 0.639925095119
81741210476.6 0.0261135002451 9149511.61665 -460048.530998 0.675789133931
85887319560.4 0.0217548285979 8669781.44047 -445620.630263 0.679873093743
90243579074.0 0.0181528917096 8219316.29603 -430705.578675 0.683889693713
95326959369.0 0.0148035557704 7749797.75101 -412220.844222 0.690825008769
101270140231.0 0.0118502833411 7270616.66838 -393370.721434 0.700378830774
107658470383.0 0.00962283892966 6820231.90265 -375320.474178 0.703790632908
113954914718.0 0.00794947358684 6431031.27102 -361450.811812 0.707101422392
120021291564.0 0.00670613642724 6095114.4605 -350517.313943 0.70802231396
126219912394.0 0.00568515850109 5786687.86698 -343474.567404 0.708984315158
132999512285.0 0.00478246930126 5482452.43255 -341335.244815 0.710390106211
140370904838.0 0.00399363952799 5188084.93645 -345316.745686 0.713802319746
147865792645.0 0.00337221178854 4920403.07592 -352047.657724 0.715308259937
156719744885.0 0.00278682010391 4635835.40061 -355021.043608 0.717305640529
167178336950.0 0.0022668041618 4344014.83692 -337884.518524 0.718585956099
176973972609.0 0.00189540271231 4106619.79088 -311312.768493 0.719629791729
186011699568.0 0.00161877834714 3909434.5176 -277664.315469 0.720900961444
195444886897.0 0.00138699620931 3724380.59934 -241840.447923 0.721384068643
206740792666.0 0.00116255171175 3524514.79559 -196019.902601 0.721738718197
220149689477.0 0.000956138232782 3317677.95345 -154484.802472 0.722126115526
234482470090.0 0.000785963487108 3124984.15992 -120689.964412 0.722449177472
249059040020.0 0.000651751759468 2954381.91729 -107015.723633 0.722803327389
263902591927.0 0.000544207017855 2801936.09636 -76590.8341622 0.72289177523
279778329151.0 0.000454163132053 2661517.24937 -8290.78355503 0.7229821677
298001533172.0 0.000363885757801 2523187.3823 31518.9510568 0.739561308922
319481767539.0 0.000262604595976 2385045.59495 7783.21384314 0.826349895162
341909124466.0 0.000227360332062 2261297.44307 -26872.2576552 0.826773523095
366261893239.0 0.000196482123341 2141595.89488 -37128.9668923 0.826773581145
392807876721.0 0.000170074359253 2029223.85706 -22002.3545835 0.826773680783
416111227335.0 0.000151394717502 1942791.41035 3157.02016142 0.826773788858
436262250267.0 0.000137615505995 1874550.89998 51352.4395272 0.826773894622
456119699199.0 0.00012609133639 1814029.40143 140060.543464 0.826774007701
478359940820.0 0.000115027849458 1752492.03892 289085.423761 0.826774144389
503048751741.0 0.000104398601905 1689701.48769 308261.475268 0.826774303267
527619626407.0 9.47441935727e-05 1629047.27278 218946.215902 0.826774467138
556714086086.0 8.46882302293e-05 1561521.10614 174824.262361 0.826774668812
590264842900.0 7.54774399186e-05 1495004.48975 180588.228194 0.826774903081
623620394309.0 6.77850264419e-05 1435364.0893 151362.37315 0.826775141308
658941201846.0 6.07958776684e-05 1377316.35712 94306.3178379 0.826775400286
697709604217.0 5.43341229125e-05 1319737.87332 54556.1723774 0.826775686637
737240977930.0 4.87973172268e-05 1266838.31364 67771.1800276 0.826775961555
784424589868.0 4.31581858636e-05 1209181.00379 22488.1622752 0.826776265704
838364830256.0 3.80828807411e-05 1152653.95189 116201.425523 0.826776635794
881032063657.0 3.49590822217e-05 1115278.09688 201635.525823 0.826776956988
922128155887.0 3.22663561903e-05 1081400.60357 260512.253323 0.826777343307
972534838098.0 2.91724736092e-05 1040304.54186 142685.909257 0.826777720956
1.02990007635e+12 2.59744749835e-05 994837.293884 -30994.0381699 0.826778134565
1.09359217638e+12 2.31335791359e-05 951353.502506 -98304.1778727 0.826778573317
1.15267090836e+12 2.10237212142e-05 916801.768895 -105428.16905 0.826778962901
1.21491900355e+12 1.91087669151e-05 883475.416595 -98766.3760853 0.826779370858
1.28940530456e+12 1.71846984981e-05 847782.589889 -87243.522171 0.826779838433
1.36582328464e+12 1.55485523511e-05 815376.904954 -64965.1704139 0.826780295566
1.44370125035e+12 1.41302051844e-05 785483.575163 -38399.4341217 0.826780748023
1.51950167963e+12 1.29585644558e-05 759322.242246 -22281.3863295 0.826781166009
1.59112572632e+12 1.19812948528e-05 736330.386978 -12764.7861607 0.826781550892
1.6535614748e+12 1.12345269356e-05 717949.512326 -8768.34111091 0.826781869814
1.7052176982e+12 1.06658599687e-05 703426.842473 -6307.01315882 0.826782130168
1.7638566557e+12 1.00710829075e-05 687703.236487 -4448.26930986 0.826782420547
1.82937085075e+12 9.47471181976e-06 671336.715598 -3198.9134669 0.826782731848
1.88703578503e+12 9.00125587501e-06 657873.581378 -2440.30486621 0.826782995201
1.93698123803e+12 8.61961930888e-06 646691.578091 -1830.335637 0.826783219518
1.98658281776e+12 8.26701277307e-06 636078.579614 -1349.1310996 0.826783436967
2.04293114506e+12 7.89253721473e-06 624489.148652 -885.336949875 0.826783679814
2.1059307754e+12 7.50962509398e-06 612273.871506 -557.150228929 0.826783941401
2.16840811181e+12 7.16014646299e-06 600776.922316 -314.734782716 0.826784193254
2.24037989655e+12 6.78723918697e-06 588111.200129 12.4544267514 0.826784477556
2.32510901101e+12 6.39148786443e-06 574179.74065 309.225891039 0.82678479789
2.41603188819e+12 6.00891656871e-06 560184.724711 570.702643957 0.826785128248
2.50260209793e+12 5.68275975123e-06 547802.835226 640.130781787 0.826785427326
2.58458005136e+12 5.3985021687e-06 536640.368396 628.304506557 0.826785703215
2.67263980301e+12 5.11933800364e-06 525311.19517 701.757400175 0.82678598894
2.77776942712e+12 4.81477527466e-06 512497.548138 765.528006195 0.826786319629
2.9017456548e+12 4.49598206025e-06 498525.948346 838.002671497 0.82678668832
3.02420500697e+12 4.21738192831e-06 485795.820134 562.522548923 0.826787031412
3.14490528635e+12 3.96884972268e-06 473984.374897 602.350134129 0.826787356818
3.26364966768e+12 3.74974902736e-06 463179.303621 750.70267639 0.82678765974
3.38150595696e+12 3.5505638267e-06 453005.776109 591.422769899 0.826787950153
3.50128657806e+12 3.36716657631e-06 443316.319168 574.579998686 0.826788230616
3.61668408815e+12 3.20516081851e-06 434476.838274 771.297162355 0.826788490283
3.73097861141e+12 3.05751744045e-06 426172.907566 883.680299423 0.826788737302
3.84424929535e+12 2.92233153352e-06 418345.666593 814.122623192 0.826788972713
3.95657149093e+12 2.79807624923e-06 410948.06153 695.413907259 0.826789197445
4.06801510856e+12 2.68349629201e-06 403941.270819 690.280412202 0.826789412327
4.17864480183e+12 2.57750796776e-06 397290.504027 794.984536538 0.826789618107
4.28852185548e+12 2.47913532154e-06 390962.160456 834.088766553 0.826789815456
4.39770576962e+12 2.38753033493e-06 384925.876973 748.13291337 0.826790004977
4.50625349036e+12 2.30201146934e-06 379158.005498 707.418725177 0.826790187219
4.6142178933e+12 2.22201183333e-06 373639.297117 835.804028552 0.826790362679
4.72164847174e+12 2.14699784548e-06 368350.046433 1025.56166151 0.826790531811
4.82859345243e+12 2.07646638467e-06 363270.070696 1111.75185767 0.826790695029
4.93510047426e+12 2.00998881084e-06 358382.078293 1076.41440302 0.826790852705
5.04121553707e+12 1.9472166954e-06 353672.614631 1009.70188732 0.826791005186
5.14698219767e+12 1.88784722317e-06 349130.01717 968.43215574 0.826791152789
5.25244195191e+12 1.83159843575e-06 344742.812873 936.836615501 0.826791295806
5.35763502894e+12 1.77820923826e-06 340499.836671 869.066669991 0.826791434503
5.46260084799e+12 1.72744397815e-06 336390.721846 723.348431283 0.826791569127
5.56737805378e+12 1.67909522648e-06 332406.286991 509.60443378 0.826791699908
5.67200396457e+12 1.63299299622e-06 328539.475517 368.596115948 0.826791827053
5.77651330411e+12 1.58901034318e-06 324786.074921 571.675548356 0.826791950757
5.88093710915e+12 1.54704376208e-06 321143.344706 1352.15884249 0.8267920712
5.98530337251e+12 1.5069738181e-06 317606.766545 2685.08284608 0.826792188557
6.08963980598e+12 1.46864098641e-06 314167.78971 4233.55060432 0.826792302987
6.19397705842e+12 1.43186088445e-06 310814.885886 5530.95983799 0.826792414639
6.29835008547e+12 1.39646541705e-06 307537.087342 6248.20513924 0.82679252365
6.40279681594e+12 1.36233536305e-06 304327.094115 6342.78096351 0.826792630147
6.50735524361e+12 1.32940366054e-06 301181.925705 6022.10561837 0.826792734247
6.61206080519e+12 1.29763573445e-06 298101.423809 5601.23300153 0.826792836064
6.71694519498e+12 1.26700520502e-06 295086.139013 5361.16585663 0.826792935704
6.8220367309e+12 1.23747609706e-06 292135.641844 5450.586136 0.826793033266
6.92736185776e+12 1.20899327414e-06 289247.496055 5840.28683194 0.826793128845
7.03294718555e+12 1.18148196954e-06 286417.064121 6345.41689783 0.826793222529
7.13882129153e+12 1.15485703738e-06 283638.299009 6714.16686608 0.826793314402
7.24501554753e+12 1.12903795937e-06 280905.211026 6740.59893231 0.826793404542
7.35156369381e+12 1.10396144782e-06 278213.215266 6340.70043344 0.826793493022
7.45850053523e+12 1.07958541887e-06 275559.675765 5559.8209726 0.826793579911
7.56586049284e+12 1.05588455925e-06 272943.581841 4528.95876504 0.826793665275
7.67367660006e+12 1.03284239202e-06 270364.803742 3407.22611702 0.826793749177
7.78198014378e+12 1.01044421091e-06 267823.373265 2336.24405296 0.826793831675
7.89080084978e+12 9.88672741537e-07 265319.00628 1414.92839793 0.826793912826
8.00016739323e+12 9.67506476252e-07 262850.889714 692.509020079 0.826793992682
8.11010802125e+12 9.46919942627e-07 260417.676077 174.701926612 0.826794071294
8.22065112392e+12 9.26885136547e-07 258017.616382 -162.323010554 0.82679414871
8.33182565113e+12 9.07373392796e-07 255648.758074 -355.941413892 0.826794224975
8.44366134164e+12 8.88357020933e-07 253309.132407 -444.266956642 0.826794300133
8.55618879434e+12 8.69810286228e-07 250996.877949 -459.139840361 0.826794374226
8.6694394475e+12 8.51709702097e-07 248710.288963 -424.392317145 0.826794447294
8.78344553029e+12 8.34033862508e-07 246447.809473 -357.226647766 0.826794519375
8.89824002711e+12 8.16763101559e-07 244208.004059 -270.312518485 0.826794590504
9.01385666537e+12 7.99879218859e-07 241989.533844 -172.767027007 0.826794660718
9.13032991417e+12 7.83365374074e-07 239791.151824 -69.804160584 0.82679473005
9.24769497919e+12 7.67206045467e-07 237611.705824 37.2758632495 0.82679479853
9.36598780028e+12 7.51386849989e-07 235450.123081 149.039154664 0.82679486619
9.48524507952e+12 7.35894168085e-07 233305.367092 264.220410168 0.826794933059
9.60550436258e+12 7.20714749014e-07 231176.388072 376.723780841 0.826794999165
9.72680416597e+12 7.05835528596e-07 229062.098495 475.296422815 0.826795064535
9.84918411504e+12 6.9124372552e-07 226961.385488 545.763942259 0.826795129194
9.97268505637e+12 6.76927090173e-07 224873.145853 574.192769177 0.826795193169
1.00973491281e+13 6.62874138317e-07 222796.32175 549.489984701 0.826795256481
1.02232197928e+13 6.49074280689e-07 220729.924087 464.791379628 0.826795319155
1.03503451968e+13 6.35517469564e-07 218672.984513 317.53562685 0.826795381214
1.0478778273e+13 6.22194163627e-07 216624.553208 108.711676976 0.826795442683
1.06085735172e+13 6.09095572038e-07 214583.74022 -157.883060577 0.826795503586
1.07397870398e+13 5.96213563819e-07 212549.706628 -476.088764204 0.826795563944
1.08724766264e+13 5.83540613665e-07 210521.660429 -836.914826238 0.82679562378
1.10067017782e+13 5.71069972642e-07 208498.887074 -1222.64058059 0.826795683115
1.11425236169e+13 5.58796543365e-07 206480.893871 -1589.6830531 0.826795741968
1.12800044596e+13 5.46718444771e-07 204467.676963 -1847.65502774 0.826795800359
1.14192070279e+13 5.3483770962e-07 202459.869422 -1863.0401798 0.826795858306
1.15601937629e+13 5.23157816907e-07 200458.379247 -1512.80046881 0.826795915826
1.17030271488e+13 5.11677979252e-07 198463.452778 -769.146933576 0.826795972938
1.18477716349e+13 5.00387849257e-07 196473.72826 246.656988397 0.82679602966
1.19944966528e+13 4.89267299187e-07 194486.081246 1295.56086874 0.82679608601
1.21432791914e+13 4.78292529439e-07 192496.562825 2128.94477989 0.826796142007
1.22942044265e+13 4.67444743236e-07 190501.876642 2604.23663774 0.826796197666
1.24473640924e+13 4.56715713059e-07 188500.430456 2735.0813795 0.826796253003
1.26028536853e+13 4.46107297066e-07 186492.380109 2656.45238465 0.826796308033
1.2760770129e+13 4.35626415714e-07 184478.836382 2542.03959202 0.826796362771
1.29212109888e+13 4.25279265804e-07 182460.85266 2527.14586989 0.826796417232
1.30842753368e+13 4.15067617162e-07 180438.712753 2667.27069946 0.826796471429
1.3250065689e+13 4.04987831058e-07 178411.677988 2933.48261186 0.826796525378
1.34186902901e+13 3.95031795409e-07 176378.08832 3230.89395246 0.826796579091
1.3590265206e+13 3.85188731868e-07 174335.648987 3428.12496414 0.826796632584
1.3764915879e+13 3.75447345601e-07 172281.815308 3394.06894766 0.826796685871
1.39427778566e+13 3.6579820573e-07 170214.262356 3040.16881733 0.826796738965
1.41239964544e+13 3.56235962939e-07 168131.366754 2356.56694803 0.826796791881
1.43087254018e+13 3.46760481245e-07 166032.506743 1424.07100678 0.826796844632
1.44971250167e+13 3.37376099272e-07 163917.990018 390.866502664 0.826796897231
1.46893608235e+13 3.28089168692e-07 161788.596046 -577.234867542 0.826796949689
1.48856034299e+13 3.18905065996e-07 159644.951122 -1348.68907258 0.826797002019
1.50860299201e+13 3.09826063658e-07 157487.029601 -1857.62386034 0.826797054235
1.52908263966e+13 3.00850762756e-07 155313.960652 -2106.37427929 0.826797106348
1.55001909554e+13 2.91974905504e-07 153124.13872 -2145.52118002 0.826797158372
1.57143364324e+13 2.83192856344e-07 150915.508025 -2045.33506865 0.82679721032
1.59334925722e+13 2.7449899745e-07 148685.860159 -1871.61213733 0.826797262207
1.61576556276e+13 2.65898285053e-07 146435.59797 -1673.27198444 0.826797313987
1.63865712496e+13 2.57405181424e-07 144167.71402 -1479.70251207 0.82679736556
1.66199688094e+13 2.49033901305e-07 141885.383075 -1304.81243347 0.826797416835
1.68575616946e+13 2.40798068046e-07 139591.889723 -1152.93269389 0.826797467718
1.70990477831e+13 2.32710416094e-07 137290.557545 -1023.59967556 0.826797518126
1.73441100941e+13 2.24782604278e-07 134984.698226 -914.468968612 0.826797567974
1.75924175661e+13 2.17025127198e-07 132677.580501 -822.762765531 0.826797617187
1.78436259192e+13 2.09447290224e-07 130372.412455 -745.867135551 0.82679766569
1.80973785716e+13 2.02057220519e-07 128072.331364 -681.502453527 0.826797713417
1.83533075958e+13 1.94861898422e-07 125780.397769 -627.694668064 0.826797760304
1.86110347095e+13 1.87867200002e-07 123499.591756 -582.700684735 0.826797806293
1.88701723016e+13 1.81077944256e-07 121232.809895 -545.000685272 0.82679785133
1.91303245024e+13 1.74497941299e-07 118982.861918 -513.393801162 0.826797895368
1.93910883063e+13 1.68130041405e-07 116752.467159 -487.135994321 0.826797938363
1.96520547549e+13 1.61976188466e-07 114544.252032 -465.913032074 0.826797980277
1.99128101765e+13 1.56037486144e-07 112360.751642 -449.298376369 0.826798021074
2.01729374614e+13 1.50314282597e-07 110204.418338 -435.641771281 0.826798060727
2.04320173565e+13 1.44806258124e-07 108077.632817 -421.2729508 0.826798099209
2.06896298041e+13 1.39512476697e-07 105982.704018 -401.408095239 0.826798136502
2.09453554118e+13 1.3443138e-07 103921.847977 -372.908472202 0.826798172588
2.11987771384e+13 1.29560760731e-07 101897.156225 -336.940004334 0.826798207457
2.14494821825e+13 1.24897785033e-07 99910.5793995 -299.135749735 0.826798241101
2.16970639517e+13 1.20439096044e-07 97963.941614 -266.861841514 0.826798273516
2.19411239709e+13 1.16180960401e-07 96058.9752925 -245.553584981 0.826798304701
2.21812736787e+13 1.1211938914e-07 94197.3512 -236.525799214 0.826798334661
2.24175574653e+13 1.08243315828e-07 92377.4152688 -237.181104125 0.826798363454
2.26504389632e+13 1.0453599727e-07 90594.4655872 -242.775473257 0.826798391184
2.28803666406e+13 1.00982378e-07 88844.0699259 -248.222937599 0.826798417945
2.31077767159e+13 9.75688416562e-08 87122.0072288 -249.393101098 0.826798443823
2.33330960408e+13 9.42830092287e-08 85424.2180198 -243.821244975 0.826798468898
2.35567449701e+13 9.11135747027e-08 83746.7618068 -231.005905023 0.826798493242
2.3779140243e+13 8.80501692481e-08 82085.7791755 -212.384689581 0.826798516924
2.40006979099e+13 8.50832497621e-08 80437.4578277 -190.923331545 0.826798540005
2.42218363333e+13 8.22040100238e-08 78798.0027029 -170.255496761 0.826798562546
2.44429792985e+13 7.94043105879e-08 77163.609114 -153.517192868 0.826798584601
2.46645592763e+13 7.66766192409e-08 75530.4353259 -142.2715582 0.826798606222
2.48870209123e+13 7.40139517366e-08 73894.5691702 -135.998506649 0.826798627458
2.5110824845e+13 7.14098054766e-08 72251.983812 -132.416293116 0.826798648355
2.53364519904e+13 6.88580860847e-08 70598.4807318 -128.488052289 0.82679866896
2.55644084463e+13 6.63530342822e-08 68929.6215802 -121.593885606 0.826798689313
2.57952311734e+13 6.38891632791e-08 67240.652187 -110.273105183 0.826798709458
2.60294946258e+13 6.14612129166e-08 65526.4199486 -94.2399043245 0.826798729434
2.62678185317e+13 5.90641185004e-08 63781.2806665 -73.856572559 0.826798749282
2.65108771071e+13 5.66929854241e-08 61998.9853071 -49.5673546611 0.826798769042
2.67594101002e+13 5.43430600796e-08 60172.5337937 -21.7222376604 0.826798788752
2.70142362256e+13 5.20096930836e-08 58293.9820756 9.15929752866 0.826798808452
2.72762697404e+13 4.96882976655e-08 56354.1875097 41.9908534706 0.826798828184
2.7546541165e+13 4.73743089611e-08 54342.471921 74.9649283758 0.826798847988
2.78262235116e+13 4.50631484314e-08 52246.1689224 105.855901335 0.826798867908
2.81166659061e+13 4.27501961505e-08 50050.0010596 132.881168409 0.82679888799
2.84194372681e+13 4.04307779207e-08 47735.200333 156.333741191 0.82679890828
2.87363837895e+13 3.81001901351e-08 45278.2343472 181.793853099 0.826798928831
2.90697052668e+13 3.5753840968e-08 42648.9227446 229.24272974 0.8267989497
2.94220560733e+13 3.33877468492e-08 39807.6111829 358.187741543 0.826798970946
2.97966751853e+13 3.09997448318e-08 36700.6562 682.761946594 0.826798992638
3.01366181288e+13 2.89471065643e-08 33783.7629561 1050.37922449 0.826799011306
3.04166008246e+13 2.73429961284e-08 31293.0078357 1394.6434284 0.826799026247
3.07425439398e+13 2.55777673077e-08 28271.9262508 1674.68292793 0.826799043316
3.11215175657e+13 2.36659897473e-08 24552.6237084 1330.95665776 0.826799062026
3.14265632252e+13 2.22530157433e-08 21367.0830227 747.460856607 0.826799076261
3.16473747928e+13 2.12665699917e-08 19001.6265246 20.1292581864 0.826799086584
3.18523678117e+13 2.02011536924e-08 16961.0796288 -917.349340387 0.826799096473
3.20327749795e+13 1.89435885286e-08 15503.3391371 -1725.90890965 0.826799105692
3.22157933282e+13 1.73605652903e-08 14393.5191609 -2843.39444194 0.826799115965
3.24248849619e+13 1.53619775095e-08 13405.2886811 -3635.59220626 0.826799128093
3.26343894051e+13 1.33679387745e-08 12560.7442516 -3600.89379876 0.826799140311
3.28298217677e+13 1.16180091371e-08 11799.5838114 -2339.24602858 0.826799151263
3.298038713e+13 1.04018642288e-08 11169.244353 -746.515243019 0.826799159226
3.31133256765e+13 9.48683923274e-09 10521.9695617 1664.7978044 0.826799166032
3.32558136085e+13 8.78927136446e-09 9532.15963534 3510.65587567 0.826799172616
3.33730146443e+13 1.02119481069e-08 6767.22406108 710.039526176 0.826799176714
3.34472828783e+13 1.0668369637e-08 4447.13005057 963.861390536 0.826799179851
3.34882222303e+13 9.03879369487e-09 3880.85589949 1463.55249327 0.826799184718
3.35138532605e+13 7.73514029065e-09 3693.4863982 2065.47982177 0.826799217145
3.35432032732e+13 6.24421659177e-09 3565.59290038 3037.82648209 0.831047111217
3.35779572315e+13 4.60219227628e-09 3456.16449365 4125.53032959 0.852881724299
3.36073545798e+13 3.6483797443e-09 3386.0812061 4842.65755668 0.852889428493
3.36312256447e+13 3.01630760281e-09 3343.79034189 5551.957357 0.852889500228
3.36565685789e+13 2.453195854e-09 3308.83166097 6238.90920616 0.852889500228
3.36848160699e+13 1.94104333052e-09 3278.63748701 6874.17224078 0.852889500228
3.37146273296e+13 1.50634374258e-09 3253.55478231 7295.3357222 0.852889500228
3.3744402826e+13 1.16671648551e-09 3233.69496445 7480.14322219 0.852889500228
3.37733086333e+13 9.07036376992e-10 3217.91252985 7410.33200637 0.852889500228
3.37983738781e+13 7.27365293329e-10 3206.17475531 7182.51367673 0.852889500228
3.38242160949e+13 5.8210497523e-10 3195.89397155 6636.04594056 0.852889500228
3.38573515885e+13 4.36829614811e-10 3184.71906777 5571.62367926 0.852889500228
3.38986585953e+13 3.0484653816e-10 3172.73355436 3808.46284728 0.852889500228
3.40400612334e+13 1.18570608497e-10 3150.90263093 -5956.55501623 0.852889500228
